Base Amount
2834.59
23223.77
9597.83
4276.75
19369.72
17678.91
21234.58
2561.08
621.62
10020.53
57811.45
49309.76
20755.83
41863.46
25974.11
9205.27
44677.81
16710.21
32834.09
16886.1
45908.67
72729.87
25998.46
72894.42
53642.39
42700
26163.01
49610.99
61869.75
27561.66
9397.98
5940.6
2206.23
9063.71
8452.45
1403.97
4928.21
4995.07
3858.52
6446.79
2891.84
2887.27
1638.1
530.78
1569.46
1207.98
452.99
4539.09
3184.69
187.6
3935.1
3088.6
910.56
1912.64
4488.76
4287.43
1125.62
1660.98
1935.52
4191.34
62066.52
69102.4
41293.92
15998.25
40456.31
65500.7
74211.79
56454.56
12312.79
48497.32
7865.56
6981.13
6096.7
6391.51
3066.04
10271.22
10235.85
8773.58
1615.57
6462.26
3633.55
2104.74
1905.78
1591.64
251.31
2785.37
9759.27
10021.05
3801.09
1350.8
48677.5
6987.77
45124.4
52941.22
47137.82
25227.02
40979.11
38432.72
53533.4
36774.61
21550.13
435.36
65303.44
72.56
47889.19
66029.03
28225.6
32651.72
20026.39
60659.64
37170.82
57735.46
50204.74
84286.04
54356.29
70962.47
17861.3
82355.09
85251.52
31474.51
5874.41
5654.51
3078.57
8994.86
9068.16
4450.31
1497.4
1057.6
6890.13
7832.55
2906.84
1483.76
5096.62
5140.75
4561.59
3563.22
2007.76
2460.06
4980.79
3337.07
3704.22
2124.07
2100.25
3509.68
63.52
1997.02
1226.8
3783.63
980.65
3469.98
45694.24
47509.49
36555.39
58275.81
15648.71
39121.78
3818.29
14584.6
3943.48
57399.48
4775.77
10382.1
3841.38
9159.32
10889.67
5790.91
8144.18
6759.9
2664.74
2768.56
6678.52
9080.15
8849.86
888.28
14442.7
29938.17
19476.26
19673.66
1546.26
23720.25
3531.32
33.82
5256.39
4647.54
4938.43
723.85
6088.48
2103.91
4295.76
6169.66
8402.62
4844.31
10250.45
10537.61
4869.28
8427.59
7790.84
7316.4
5830.65
1011.31
7047.97
6372.14
64493.79
37460.46
965.48
40453.44
73955.45
90561.63
91720.21
16123.45
23570.32
22112.36
60201.52
49084.59
27093.72
7654.28
4920.61
33229.29
59411.79
9598.22
7668.66
706.32
2106.36
7668.66
1362.2
3733.43
9964.22
8110.12
11175.06
769.39
5390.21
21056.49
472.83
14342.37
11852.16
13270.63
21434.75
24177.14
30922.78
26478.22
13797.88
13146.48
43466.28
10126.34
18061.6
41985.82
42222.7
54303.24
51638.42
50276.39
6243.83
4595.02
4270.67
8865.7
6514.12
4500.42
3676.02
2270.48
12176.82
2121.82
6440.24
4223.8
3317.7
529.72
6035.99
11974.39
12281.07
4544.41
9200.35
13047.77
1063.77
4989.06
8765.43
3404.05
563.8
659.53
5084.8
329.77
6435.78
4946.51
301.74
468.49
1266.5
2060.55
365.26
2779.16
3823.33
2513.15
611.41
2695.78
3802.41
1876.04
379.78
183.03
1207.98
2704.24
851.08
3033.69
4351.49
356.9
1991.61
1122.86
1619.29
2523.49
4586.01
3882.75
5567.04
5744.34
845.1
4012.76
2242.02
2997.19
3494.12
2355.5
485.19
2300.72
2864.16
1353.82
2562.87
403.02
273.95
2096.28
1639.7
1945.41
2878.41
2564.77
2588.59
2290.82
1234.74
2032.76
53187.91
72117.77
69856.24
12899.11
20772.6
66422.06
66840.86
33587.95
36268.29
63239.16
633.15
822.1
1558.02
170.72
1471.83
1103.87
406.08
1485.09
23.2
96.13
5219.65
2014.17
2904.58
810.58
5563.54
3094.95
5723.2
2554.56
3389.7
4482.76
5322.34
4166.31
8698.88
8561.53
10576.01
5665.72
6272.35
4853.06
10553.12
4589.81
60638.54
6796.27
65191.38
63607.79
59912.73
37610.41
13328.6
1385.65
47507.89
65521.3
3592.87
3286.42
4649.6
1025.03
9172.4
5262.5
4628.47
2948.27
8749.71
7597.87
18390.59
29609.18
7895.78
8948.55
3914.99
31714.73
888.28
12073.97
18127.4
9507.84
20345.07
33736.03
34885.47
31264.73
18620.91
29827.94
5229.95
52701.77
52586.82
8448.38
814.53
358.05
17.12
544.93
1417.95
687.58
322.39
213.98
115.55
701.84
63700.44
42018.55
16380.11
20969.71
20811.45
65678.71
11473.99
66232.63
22710.59
10999.21
590.98
277.76
4006.85
3959.57
3327.22
3569.53
3841.38
2080.25
2346.19
5407.48
3926.55
1854.1
1830.27
381.14
678.91
2147.89
3366.75
3001.49
2934
778.16
2282.75
6879.66
7843.02
6303.74
8900.62
6638.82
7581.24
628.28
994.78
7570.76
676.16
104.13
161.2
75.6
356.63
1380.86
269.61
1306.68
594.85
1106.97
77337.19
24188.44
34966.28
61952.03
27068.02
12258.77
72071.68
27643.93
62939.31
81697.69
22947.64
19747.77
27579.83
15237.47
3138.92
22795.26
3992.22
15298.42
11336.68
213.32
5181.41
7441.25
11161.88
5231.35
287.16
5967.98
961.37
836.52
6904.38
1261.02
2794.81
6191.04
5884.43
3101.41
11627.35
8808.96
10247.64
9292.45
7818.39
896.23
5318.75
11436.56
7091.66
3508.38
8302.74
11736.2
898.94
11548.92
6891.9
1623.09
5315.87
1836.9
9824.62
22070.61
7208.44
7987.73
11216.21
7180.6
12301.65
11884.18
2162.85
1689.23
3125.87
7609.44
9393.4
4404.64
6835.87
6772.72
5493.96
12408.76
2777.34
5955.86
6974.22
7735.42
6408.46
4392.32
2571.61
2571.61
2664.19
10019.01
19133.65
18150.76
6781.96
26276.01
19657.86
29159.16
26308.77
15300.37
26964.03
8747.75
9010.1
7371.9
9190.94
4372.08
10371.72
4765.67
8722.88
4052.95
8052.71
5286.92
26477.73
18561.25
26433.01
4875.12
17040.57
16548.58
15654.06
15788.24
35422.91
3354.44
48294.61
71578.04
28055.3
53066.48
18264.74
47965.51
70508.48
29207.13
23447.98
34719.46
13238.67
10042.16
2517.61
1470.96
17764.72
15388.54
25119.54
8033.73
19603.42
19037.67
989.82
6487.36
1605.12
10460.03
6112.83
5163.13
1203.84
1899.39
6366.97
11222.46
599.42
869.38
3514.14
4200.49
4118.13
2415.97
3811.56
1848.58
1427.62
553.66
2143.05
17979.34
27664.8
27664.8
8238.21
7013.61
4091.27
7069.28
9768.96
13359.26
616.58
2355.12
280.49
1326.65
1089.12
1124.49
902.12
849.06
1933.12
846.53
756.52
3413.12
3518.68
3879.34
730.13
1781.33
2076.02
826.89
1710.96
562.99
1193.4
500.84
2195.07
3087.19
1635.54
3145.88
1815.53
751.25
1584.68
1252.09
57904.57
45053.49
22937.68
58651.72
34518.59
54467.65
68962.47
57082.7
67916.45
14868.4
734.65
1203.97
41.37
392.29
62.77
209.7
1312.39
1358.03
295.29
1248.19
2134.1
11235.74
2930.06
8744.04
10647.42
7336.69
1292
8328.75
4164.38
10993.49
2708.08
2094
945.68
4102.03
1400.1
190.36
2474.73
3635.33
1645.73
3960.8
1954.95
9584.52
6224.13
7830.35
8083.97
7185.75
4152.94
7798.65
3286.42
5146.26
3170.99
3125.97
2985.93
4626.44
4781.49
3946.23
765.24
4566.42
3055.95
3531.1
29159.16
40519.08
39000.38
11238.43
18588.96
15247.81
19500.19
121.5
22355.36
11845.91
1333.31
283.41
4624.73
3452.44
3420.24
4193.17
289.85
6357.39
3845.35
1236.7
11938.03
18918.41
14991.95
5988.85
34029.35
17292.3
16142.13
10867.18
9835.99
12413.97
4868.86
10486.78
9416.7
2113.41
7503.93
6005.82
9282.94
10647.29
4146.56
4601.34
3601.83
2029.82
3480.48
5058.01
3745.24
5201.42
1191.42
4307.86
4021.03
1599.59
5103.63
5879.38
17148.2
11860.84
8451.61
673.68
17331.93
4348.29
2837.62
18250.58
15453.79
6206.01
6981.77
15637.52
12105.81
12412.03
10431.82
19434.62
3817.52
18679.29
15567
15716.68
8357.28
14943.32
9380.12
19508.64
13396.6
13770.81
9978.85
773.36
51730.81
131.97
8907.73
38402.21
65323.35
21180.6
24413.78
21312.57
50213.2
63607.79
1584.17
31039.77
18663.47
30099.17
46138.87
48366.6
39505.17
34406.13
40693.29
17722.87
21764.05
29583.1
16561.61
9296.67
10004.69
12190.33
19763.11
4001.88
18470.2
22195.02
978.06
3082.39
9839.92
12951.95
1452.28
23058.62
25429.68
2252.51
563.13
11914.61
12432.42
4401.08
21284.31
19742.69
4898.38
13998.91
9597.83
12507.02
16858.37
10468.1
599.02
6280.09
5629.54
3033.77
4734.22
1056.34
4302.67
1719.78
5043.4
4444.37
4909.97
3783.93
2881.06
1927.47
5944.72
7283.8
2881.06
8551.88
1197.06
3662.19
8888.95
2252.1
4060.6
11635.83
14911.6
5493.75
3071.04
17027.21
9742.02
8018.82
1648.39
38854.99
31225.28
21570.41
9701.97
32685.29
37018.21
43658.88
18885.88
6358.09
4862.48
1143.11
15167.52
14212.09
13205.47
2269.16
7046.33
3753.49
3412.27
13802.62
1654.75
5082.44
3350.86
667.81
260.03
4550.55
3362.68
4869.68
3823.65
3705.45
11572.04
1452.43
14287.44
9993.32
6867.44
15045.23
12077.23
4467.79
7972.55
5983.36
1570.64
4515.58
1340.79
2518.76
3155.64
2102.16
1972.87
2341.59
1517.96
1948.93
42517.12
16682.91
67298.52
56851.46
71671.71
63087.3
13362.52
65678.82
59038.05
22351.86
1578.07
6202.8
5867.86
6035.33
5590.89
6003.13
3220.56
6022.45
2943.59
721.41
17438.82
49027.29
30533.45
57157.13
48841.11
37546.21
32953.78
33636.44
43752.2
15887.32
113.52
9938.99
8639.86
3947.85
3317.2
7138.92
7630.82
3392.88
9875.93
2245.1
7792.42
6468.12
11486.5
12671.39
5603.85
376.38
3805.6
13284.75
6969.96
4809.27
19777.98
22955.43
11153.49
1102.38
64651.31
33330.76
47467.16
23539.04
53886.9
38648.12
18619.6
18668.53
4599.85
20943.99
20381.24
709.55
9835.85
23757.73
13138.93
16882.42
3787.01
4573.32
4012.5
5215.09
3376.51
2445.66
1162.12
2879.29
907.73
4405.65
27447.83
13179.98
11464.49
32092.21
18159.09
23975.01
38201.02
3765.71
41715.69
23096.35
187.26
2715.33
8507.13
4507.71
3022.97
3638.27
642.05
12118.65
12560.06
7075.9
6206.49
10576.08
20094.56
10381.26
25215.61
1502.92
24658.97
20539.87
19955.4
20122.39
16328.24
9204.34
30355.39
1765.21
1796.74
8668.47
15445.63
9330.42
23609.75
23924.97
5590.09
3413.23
9869.84
8105.1
6118.45
3053.94
9827.57
6055.05
6911
6192.42
520.1
1429.28
1246.65
1492.8
389.08
43.67
1953.35
1830.27
3164.27
2072.46
1781.09
2248.31
2423.84
1177.07
2077.94
1161.58
1383.57
1022.19
392.36
2150.22
42624.59
418.34
39370.8
4462.33
13387
24961.18
7158.33
9947.29
29470
34118.26
89.9
4093.77
3457.58
3160.23
1549
5511.38
878.22
5165.62
5926.29
6258.22
30315.96
10670.96
16055.39
24996.8
8549.82
9071.95
4503.34
20134.5
23201.99
21929.31
2274.12
1535.87
361.38
998.96
947.34
712.44
598.86
2008.25
2287.03
993.8
4998.04
1861.87
1877.13
4532.58
297.59
1083.55
5112.5
465.47
7065.94
2350.22
19402.3
6240.11
9240.81
12787.1
11798.23
3341.7
20459.36
5421.73
11082.16
23323.68
5384.99
2215.29
3484.92
5384.99
4194.17
6067.97
4264.21
297.71
7644.06
8230.72
28451.3
17198.65
39576.08
5946
31903.82
62465
15664.2
11252.65
29410.34
16623.23
29010.05
25271.64
8852.55
10826.43
6160.9
25451.09
6011.36
20366.85
6340.34
4904.79
39463.77
26727.52
43321.83
28354.42
28772.76
15478.72
22172.22
17709.89
44483.9
44623.34
4012.04
11379.19
2135.06
15485.08
19497.13
21984.13
13326.56
21561.81
7226.37
5443.24
3630.06
6795.8
236.38
2118.94
6736.71
1485.79
4997.66
2794.3
709.13
3773.57
5533.97
22459.69
12098.21
1206.88
28288.03
3267.4
11509.49
19103.98
23784.31
11215.13
14505.47
6770.68
14001.5
613.52
13431.8
1840.57
13366.07
15360.02
8282.58
10846.23
6287.71
277.56
4376.84
6223.66
9618.38
2604.76
7440.64
9938.64
5017.36
5583.15
12085.22
9385.33
8228.24
10813.85
6314.03
13770.87
10942.41
7471.12
9356.76
3928.41
15508.55
1196.57
10065.3
5982.87
19637.9
13138.86
8211.79
12317.68
4598.6
21679.12
35951.92
4474.02
28521.85
12423.38
34793.47
36670.96
16018.58
8948.03
31158.33
14979.97
2685.6
12913.76
11042.41
10599.57
1271.38
2142.77
4656.95
1828.5
5185.5
7713.97
10450.39
9679.55
1013.1
1497.63
9106.93
9525.38
4999.45
3402.71
5076.53
3854.2
4616.84
14939.7
9623.83
5348.38
4129.14
10127.78
162.56
1300.52
13769.23
15020.98
5729.49
2494.01
4898.15
13144.11
14065.32
12335.24
12919.43
7661.78
13009.3
2381.67
20328.61
46932.29
56671.72
59809.25
10654.54
21112.99
24119.8
51115.67
19086.67
63077.52
22904.65
22259.09
15855.08
5319.46
5267.81
13995.85
20942.13
20399.86
10380.69
1807.58
17137.3
17783.99
16467.51
9954.41
20116.69
7991.25
2471.28
6951.92
20647.9
14619.82
4733.22
747.35
2376.57
2705.41
4827.88
418.52
1723.89
1096.11
3303.29
2585.83
16491.44
40330.56
27104.75
29009.7
50073.03
7184.39
4299.75
47841.52
10667.73
39840.72
15779.94
18962.83
36580.77
44067.28
3541.52
15510.96
18469.7
1613.86
7531.33
9145.19
17070.08
29336.52
31652.56
16083.62
23675.08
39286.91
23160.41
40316.26
28392.94
2702.05
46770.48
41665.92
1212.33
63105.05
38858.42
15505.08
3190.35
31967.27
6954.95
62722.21
9263.45
7414.63
6601.54
7985.73
1771.38
5362.54
7559.83
6543.46
6165.95
5420.62
62356.94
15210.55
54720.11
47714.42
25056.38
58191.4
12244.18
55161.91
504.91
44684.93
5618.82
438.08
2380.86
17961.17
3885.56
10875.75
5333.12
9523.42
8418.7
14437.51
19807.68
20197.77
26265.77
12742.8
7021.54
33157.28
6934.86
4507.66
24835.45
42389.31
32277.15
27839.04
19186.97
31425.39
4662.25
22907.81
29363.24
25104.45
12552.22
21473.27
38042.61
64058
5294.59
65103.84
6471.16
12746.23
59286.33
32159.73
19282.76
19282.76
11911.9
3874.72
6387.54
5179.09
16170.26
4699.54
11700.9
17321.17
690.54
7519.27
16093.91
11769.69
11249.48
11135.68
13931.8
6307.51
10582.96
5234.58
7380.44
3088.73
9570.33
27095.99
16478.91
22998.69
22340.73
12919.94
9360.98
4545.91
17794.83
22639.8
2695.76
12017.42
12386.31
8896.01
3390.98
5774.6
7463
7533.94
8314.29
11705.28
816.98
609.64
362.07
1497.79
1165.12
117.6
1541.12
1240.94
30.95
656.06
11665.83
5978.43
3601.61
6548.39
4110.93
5663.14
4135.18
6487.75
6693.9
10853.34
693.86
2251.77
4058.43
314.2
3482.4
6192.38
8064.5
130.92
7684.84
10944.67
5693.12
4857.77
3259.7
8716.74
1298.43
4058.73
8244.59
4276.65
4703.41
4821.45
10780.5
14461.65
17529.27
20837.92
5784.66
16039.28
18186.62
3001.89
19698.51
4820.55
13256.6
699.97
7371.13
12799.48
6899.72
13585.16
14170.85
4328.4
4471.25
6356.88
7679.09
8449.62
5962.9
3756.36
2469.22
1409.73
3861.43
8213.21
245.17
1549.83
8990.54
10407.06
11158.68
24803.48
751.62
12777.55
16102.03
19599.96
16246.57
23733.87
54088.97
33766.16
10666.32
46641.48
44432.48
36416.96
38184.16
49923.42
31430.93
15841.69
12890.17
9897.81
13101.17
3625.36
920.73
1879.82
16630.62
15498.89
5677.81
16208.62
119.14
1284.27
68.08
1052.17
1346.16
72.72
702.48
1443.64
1530.29
37.14
5594.67
19682.47
19907.15
14087.79
19997.03
13144.11
12133.03
19030.88
19749.87
21974.26
9560.13
4774.33
8814.14
2169.11
3764.37
3202.01
4693.99
378.73
9927.39
5956.43
25535.49
6730.28
3299.16
41635.39
3167.19
29560.47
1649.58
46518.14
35828.87
27317.04
4324.71
3330.26
3503.71
1850.14
4729.43
7261.81
10557.38
11.56
1086.96
4463.47
3571.28
9685.32
6185.46
6185.46
5771.19
7713.97
2971.31
11799.52
699.97
1514.22
15441.92
8366.52
20167.46
6972.1
5267.81
15416.1
8443.99
9709.3
2763.02
14538.13
24751.48
23813.3
17190.83
1269.31
12223.98
13493.28
10954.67
21385.06
3835.51
6650.06
2423.16
3229.61
1038.5
2134.05
3632.83
1342.82
106.51
669.51
1574.86
1590.08
4225.98
9794.79
38310.26
4265.47
908.39
17417.34
10940.15
33294.38
7741.04
22077.77
2369.9
10152.14
5967.45
320.26
10600.5
8230.6
950.1
864.69
7280.51
3234.59
1671.64
33001.43
15314.39
30143.46
13804.52
29388.53
15044.77
29011.06
6848.34
19790.07
3412.9
458.37
4548.87
1798.62
3960.95
4763.11
3622.16
2371.59
971.55
1708.94
8477.52
1916.29
10664.59
1208.1
3103.56
15413.67
12310.11
7873.47
15101.23
3311.86
12822.85
19933.34
39107.7
14420.71
20412.7
38308.77
8029.26
12663.06
14460.66
21091.79
7124.77
9261.09
682.74
7499.17
991.08
8027.75
6508.09
6298.87
10945.93
4856.29
11642.38
11270.97
9699.6
1228.52
3942.7
4242.68
1714.22
1428.51
8485.37
9642.46
30884.69
18868.76
9997.63
5914.09
33794.8
19478.95
44167.93
46843.35
10795.56
14128.1
1434.55
6035.8
4074.74
7310.11
877.52
7287.22
2869.11
6630.99
5951.87
5501.66
3181.46
1198.4
3780.66
3217.13
1498
6305.85
1997.33
542.13
5514.05
5720.92
2061.78
2716.07
3309.49
2290.02
2301.43
2316.65
3309.49
2906.27
2328.06
951
1217.07
3907.06
6700.79
2613.93
6756.11
4757.63
1320.79
5974.7
3118.74
3243.21
19922.01
40594.71
20614.95
22231.81
22289.56
36841.29
28699.25
49949.39
10278.6
27717.58
10651.42
650.92
7586.18
10805.27
4733.96
4674.79
4911.49
6887.92
1029.64
2201.29
4105.29
6146.63
1521.59
1393.54
677.94
821.06
6191.83
331.44
4225.81
4278.54
6240.76
6128.08
6336.1
303.37
719.42
6379.44
8069.65
676.08
5564.68
2028.25
6905.45
6579.36
16131.89
1304.36
1381.09
18567.98
13964.35
16611.44
16170.26
7557.63
6434.25
5455.58
111.05
3775.87
4671.25
4136.8
881.5
5053
2123.93
13.88
6965.85
5710.97
24431.68
6171.94
7298.77
14623.16
15391.45
13240.23
17235.35
1843.9
21377.65
47543.35
62581.89
6743.74
19894.03
12341.04
21647.4
63593.45
25289.02
41069.37
3148.01
12503.9
8663.32
10073.63
6774.52
5263.47
3034.68
2115.46
1561.41
8550
4544.79
4234.92
2329.78
3661.08
6426.98
10363.51
10845.53
4269.35
1790.37
2949.53
18303.52
20330.81
15465.32
17840.14
12742.96
4170.42
5473.68
19722.62
25225.26
6458.36
6604.33
2428.86
9947.43
9292.45
2633.54
1746.6
13181.37
11311.96
12117.03
4653.05
861.93
783.9
489.49
2422.64
2646.1
3015
457.57
1525.23
2944.05
2255.93
33981.34
1913.51
47903.79
48431.66
64729.5
34575.19
19597.01
29494.48
24413.78
3365.14
1131.23
2523.87
1601.78
4748.3
755.74
3560.04
1273.82
356.48
841.29
4529.66
5765.12
401.05
7108.65
3699.7
8983.56
7128.7
1624.26
2576.76
1463.84
8061.14
550.88
80.34
6071.2
1388.69
6254.83
7081.16
5623.61
4384.12
1893.66
6828.67
998.79
4757.89
1616.23
8653.19
4930.41
1516.35
3277.86
6174.36
8081.15
6365.04
14545.76
22463.96
19533.88
941.81
27452.07
15592.22
3139.37
31114.67
3767.25
5546.23
46225.38
32031.69
42325.31
55048.48
61697.77
10932.97
60163.32
13362.52
35228.47
44563.05
566.08
886.8
662.47
1277.62
1659.68
1012.98
495.98
990.2
1175.97
962.16
1630.86
363.15
1426.18
2944.8
4892.59
2746.72
5995.24
554.63
1901.57
2924.99
9442.55
1651.08
736.85
13563.44
5021.47
6167.68
3984.43
12621.91
7013.69
13317.82
539.38
4391.12
677.69
4992.74
4743.8
3713.44
2240.51
1936.24
2925.11
5449.14
16043.31
12297.26
3961.8
2039.74
6256.5
19455.95
11983.45
12473.77
2353.54
11551.97
10761.78
4112.89
13590.41
6112.43
211.33
10257.83
6242.49
9428.75
10127.78
14240.67
28382
7805.8
23866
2332.77
21712.68
12441.43
21802.4
4665.53
28441.82
6968.39
7869.12
2710.03
14714.45
3312.26
17022.99
3633.44
7969.49
8230.45
13048.28
18608.86
4549.25
3024.03
1690.29
1386.56
2825.95
5315.16
112.25
1908.18
4952.01
3400.38
3920.28
2356.18
1042.74
4582.02
2306.05
3238.49
591.55
6466.96
5795.2
2516.6
34433.95
24207.62
26764.21
21451.31
22330.14
21850.78
35152.99
1118.5
2436.74
15499.27
1740.53
2817.66
5321.45
2004.46
1954.53
2182.8
2175.66
756.13
542.13
3195.73
1659.92
1918.66
2941.69
2006.24
15.92
1596.23
1548.47
1158.36
3781.6
1950.51
13510.24
29422.29
7677.25
20458.36
6605
25433.56
38171.78
1372.47
6004.55
14668.26
3216.31
10376.09
24304.1
1482.3
14263.63
24499.87
25842.33
11299.03
1482.3
17759.61
3290
3317.77
513.63
6864.59
5524.99
1547.83
6795.18
4428.32
6135.79
1860.17
752.34
1198.17
2089.83
2627.22
1894.78
2487.89
1870.9
1934.59
2272.94
2396.34
5606
54209.5
27431.31
51651.42
26887.04
4571.89
34942.27
40439.42
29118.56
34942.27
4567.43
6783.97
1914.29
6725.2
5944.37
369.42
4139.23
3257.65
3232.46
5096.38
331.38
7077.28
7467.83
461.56
5065.34
2284.14
4946.99
2946.89
497.07
3467.63
6751.3
4355.93
2822.58
6682.65
4073.67
5446.81
1685.92
4058.41
5568.87
6415.65
195.85
1303.15
1205.22
3043.18
5137.26
2109.14
7291.59
1212.75
3532.81
444.43
15208.47
18453.79
11263.18
53643.27
24626.27
31880.52
38053
15272.11
60070.28
9672.33
379.53
2028.91
2277.21
822.92
2507.77
741.33
2053.74
673.94
2656.74
1858.66
1333.74
3222.11
3413.59
5130.29
3532.44
5460.42
6199.92
5882.99
3149.48
6226.33
2532.76
3567.89
6045.59
3237.53
10439.38
4272.66
9646.51
9943.84
5550.05
7774.47
1321.11
3774.6
7845.78
7212.19
7306.55
7387.44
8829.88
8668.11
862.77
1846.86
30180.68
47472.35
34902.39
26543.68
59978.51
60808
53470.2
1084.72
45749.57
26033.23
591.61
17792.21
4404.23
10298.44
16477.51
18865.87
18931.61
13585.18
20114.83
8611.25
5331.55
12211.39
3083.14
1615.62
11457.44
1117.47
3944.8
12386.42
3715.93
2598.46
3624.3
12685.03
13080.79
9477.32
8081.76
19037.97
12330.94
12226.79
14497.18
8352.54
26049.05
34934.34
41869.2
19590.97
996.89
24445.37
32463.8
41089.02
2123.8
953.54
5221.26
2578
15696.42
8125.59
25551.56
20460.83
9887.77
28390.62
21602.98
14064.78
5882.99
5152.32
5702.2
414.29
6726.64
3080.85
4278.54
2463.17
4888.68
7449.77
667.73
3899.56
4763.16
1655.98
7158.1
5795.92
7603.25
1282.05
8012.79
3855.04
6871.65
50180.37
5947.73
34762.47
35975.11
50931.06
38804.62
49487.44
56821.05
26678.17
1749.12
3060.97
2005.79
1863.2
1207.28
280.43
3636.09
3973.55
4163.67
1635.05
2998.82
4105.02
1538.3
773.47
3296.98
1918.56
2208.07
3318.58
1395.71
2523.51
12408.83
5453.56
11776.54
19403.62
3062.69
1699.3
15767.91
17012.75
7567.81
10828.09
3503.03
5818.6
4785.5
569.99
5361.42
4631.13
1163.72
3330.85
5836.41
2820.24
2974.31
7935.11
5785.79
1715.11
3419.37
7956.82
347.36
857.56
1660.84
4124.96
2126.85
4609.26
4615.72
6173.69
3465.02
2346.65
2999.57
549.49
1939.38
3077.15
7655.48
1674.64
12410.25
27452.07
10885.13
5741.61
22757.1
3887.55
18450.9
18331.28
56086.33
22360.82
13330.49
34524.12
61246.52
45151.65
24449.46
60939.37
1228.62
28135.31
15389.99
2769.72
12042.25
22832.1
19845.63
20351.4
18472.81
18328.3
18569.15
20399.57
4069.29
3191.07
3050.29
5825.72
5966.5
147.49
2661.46
6294.99
1789.95
201.12
22041.79
5083.2
29491.3
30805.92
1314.62
6660.74
38167.78
8457.38
34793.59
23268.76
12776.63
28230.82
5442.44
24185.37
9662.51
8440.14
17695.19
26106.23
9778.92
26862.93
4723.79
25998.36
27852.89
1399.64
30442.23
17950.42
9412.6
25333.53
30757.15
21414.53
30481.88
52505.43
13804.62
43967.31
39339.18
62240.48
62799.05
68304.94
1835.3
68384.73
5619.81
22824.02
17652.41
24341.02
26582.05
14687.36
27892.19
344.77
34063.64
9860.53
6731.44
8145.61
9248.66
1725.29
6137.49
5741.52
905.07
2724.63
301.69
2932.04
40851.49
37964.24
5590.2
6634.53
14989.12
46441.7
43615.88
24818.05
24019.45
24019.45
506.92
929.35
18734.8
3442.81
865.98
6801.13
2196.64
11659.09
105.61
11785.82
11048.4
1598.2
2293.06
23.16
3080.58
13271.98
11951.73
16954.78
13086.68
15565.04
1788.11
508.81
934.03
1279.3
1577.32
174.45
388.88
2678.54
2845.72
541.52
45694.76
27707.18
51690.62
44116.9
56992.22
24109.67
58254.51
16283.49
45063.62
45505.42
4324.82
1014.94
2307.86
3969.26
989.08
471.92
1183.02
5042.39
3180.58
1551.5
4953.37
12117.57
24347.08
1259.33
16175.42
10018.68
25214.62
1875
16986.99
55.97
6082.93
241.31
3800.58
2674.48
4253.03
854.63
3197.31
10004.16
7701.7
774.19
1422.08
201.46
1931.66
5872.02
5.93
1582.07
4805.46
4319.58
2281.26
2796.77
3995.12
5934.5
555.96
627.07
2954.32
4428.25
4273.1
1713.12
3600.78
181.01
2170.08
12639.27
5234.59
1290.32
8460.39
10381.21
3621.69
10278.57
703.81
8724.32
26684.31
1763.07
38739.9
8481.8
28590.33
20203.84
29114.49
44315.02
5718.07
23968.23
5976.18
8032.37
10785.99
8813.97
11242.92
3919.99
8994.34
8212.74
5471.15
4220.6
1319.44
8423.07
1199.49
10222.3
10608.8
10928.67
1532.68
1959.16
12994.45
12181.46
10777.1
2903.22
5953.06
9809.36
13416.39
4824.04
11143.67
9574.76
14310.82
9941.32
11963.18
68394.74
9287.2
2912.09
52024.08
47144.36
38250.69
74218.92
7319.58
54070.41
15791.85
5957.4
8151.24
6751.72
15943.15
10628.76
6184.35
17985.69
10326.17
11650.03
12340.28
3008.83
4574.24
19110.16
3313.78
13783.71
7888.02
8436.93
7644.06
9982.01
11002.75
12349.76
9731.26
7427.48
8736.73
5652.44
10071.16
1447.73
3197.59
6344.83
4895.2
7905.29
6303.96
9303.92
20.27
2756.72
9162.03
5847.89
3212.79
7104.62
17138.51
11289.19
15851.66
9826.86
18308.37
13804.4
8481.51
8920.21
12517.54
2836.92
4387.98
1537.19
5715.56
6211.65
4003.69
6623.9
482.12
3123.29
1655.97
6658.84
1954.62
280.9
5606.37
4968.49
3353.29
4160.89
754.93
5419.1
708.11
2604.21
21708.47
2980.51
8918.07
4294.76
10842.5
11898.59
17460.65
3848.85
21074.81
6712.02
649.59
801.75
1152.88
4073.11
1884.4
2428.65
415.5
1369.41
5284.5
2569.1
3862.43
3224.54
3072.39
2182.86
1445.48
772.49
4225.26
4763.66
4307.19
5202.57
20701.88
24924.95
9893.2
2835.07
17010.39
12964.52
22887.25
5640.6
8268.94
18457.46
6374.51
1970.67
1699.2
8837.85
3589.43
2041.05
5791.36
6806.85
4614.99
8666.92
39137.51
20371.04
15417.81
12417.96
30975.15
40393.26
20789.62
25952.15
22463.96
55322.73
6839.32
1062.42
1584.14
8812.38
8110.43
4980.09
929.62
37.94
5150.83
2343.01
33729.4
36870.87
82008.75
23560.98
10085.75
27859.83
1488.06
17774.07
45551.23
60762.53
25380.43
3135.58
9672.96
88.74
4437.14
10027.93
3313.06
23842.22
19996.7
2396.05
25094.83
40417.38
46584.35
19829.18
9677.4
16698.26
41034.08
29696.34
46821.54
28130.88
6885.62
15017.41
10455.16
11468.99
9884.88
16052.36
1795.33
14299.28
12144.88
675.89
14039.44
19761.53
28047.61
18010.51
23107.23
1563.41
29736.1
18260.65
4784.04
26828.15
20493.11
11062.87
20151.97
18275.67
13353.42
7748.88
15887.65
13134.11
10404.95
16058.22
9295.43
722.12
6837.14
14334.94
11692.27
11292.8
2996.05
5239.24
537.75
13674.27
1593.01
40334.98
13190.11
19944.47
20963.99
3950.66
2485.09
11660.82
24086.29
35555.95
1039.56
4028.28
7883.31
1368.75
6020.77
719.03
545.77
5475
8351.11
5423.02
8929.64
28547.26
30202.17
10619.03
31443.36
8205.61
20479.55
25409.82
1275.66
3378.78
82.75
3723.61
52.26
1659.29
2647.9
3880.39
2961.47
4233.15
1202.01
2229.81
16392.57
9868.28
22191.94
21747.63
2946.45
13820.27
11014.12
15574.11
2923.07
10008.59
25438.5
20737
1007.47
12929.14
18274.3
17154.9
25942.23
14776.16
7304.12
6828.38
188.92
7187.79
6621.04
6854.94
8366.26
5388.59
3886.26
4255.1
3832.29
2410.92
50942.8
44721.83
24330.89
31726.93
6359.21
42440.81
9124.08
21151.28
50804.55
21082.16
8770.25
9600.01
6816.64
6480.53
8245.09
3245.52
9558
1712.04
9148.37
5314.67
6594.68
2863.17
2276.46
22130.9
15958.66
14527.07
8354.83
19478.95
20934
211.22
45000.5
1325.4
36480.07
5301.6
5995.86
35912.04
24677.7
13443.35
31998.96
54972.57
20065.66
12157.31
14129.32
1545.08
10530.92
10002.34
11283.12
8884.19
19598.08
12340.28
1204.92
6697.63
542.76
824.99
8955.5
7012.43
8054.52
1215.78
2073.33
2616.09
6804.92
1111.47
21299.39
18758.89
13246.91
5716.13
22615.01
5693.45
17239.12
18940.35
3388.27
2560.8
2081.74
243.89
2756.78
2199.32
3558.11
1489.44
2203.68
2499.83
14392.18
6038.78
3857.7
771.54
2789.41
8991.4
756.7
8175.35
7210.93
14184.46
1363.55
3048.98
3511.3
5272.8
3242.1
538.4
5594.67
3288.92
5015.3
620.33
1986.33
3130.84
4663.15
4880.7
331.06
8096.67
879.66
9165.51
2109.3
3859.16
28833.47
23591.02
27260.73
20824.17
19659.18
23591.02
6203.56
20329.05
3465.84
20969.79
2252.48
2209.55
1265.18
1619.89
1012.15
1669.59
293.7
370.52
1362.33
1188.37
3780.09
4744.33
1837.64
538.02
4604.59
3961.76
6896.4
5841.33
4457.86
3242.08
28261.59
21609.24
12956.85
31870.37
11652.47
19696.15
10478.53
15261.26
2913.12
10087.21
3220.63
3783.46
14727.34
26765.61
281.41
8379.89
5065.45
22606.94
125.07
18573.33
829.73
12.2
6540.2
8529.1
4429.28
1024.96
8590.11
1342.21
6967.27
2440.37
67028.21
24417.42
66230.26
18193.37
57532.55
77720.81
71177.58
70938.19
36785.72
49553
350.84
908.59
8330.28
6549.07
3544.42
4731.89
7817.51
638.71
4030.2
440.8
8859.58
4636.51
23536.95
25486.06
15533.8
4990.9
1063.15
15474.73
17453.37
15268.01
22009.38
33241.51
6438.36
23653.96
31596.93
27398
31491.96
1539.61
15850.95
4653.81
8969.17
10944.38
11354.33
7341.8
1627.37
4347.94
1739.17
4583.97
695.67
7639.95
17070.31
11187.32
43784.87
34140.63
23242.63
11524.87
35587.26
11283.77
32452.88
17118.53
2344.72
758.98
379.49
5489.09
4933.4
13404.22
5475.53
13309.34
2615.79
9582.18
14472.11
10879.74
5513.18
3196.47
12829.88
4076.24
5703.8
1950.14
1070.38
5425.21
1813.56
4940.38
18948.55
10037.1
10349.79
14383.39
13507.88
30486.53
9818.23
15102.56
33448.68
27210.96
37607.17
66083.75
10215.41
37064.76
12204.25
8678.58
17989.97
84706.53
25717.56
24989.7
22455.69
4367.13
21242.6
15258.01
9623.87
2291.4
11079.58
6793.32
2641.53
50864.71
43493.02
33848.38
55779.18
12777.61
52031.9
51479.02
7801.71
10996.12
9168.31
19423.38
17388.17
12744.74
4050.65
19186.27
15392.49
9820.37
18889.88
7469.01
24108.84
32051.82
28727.66
15081.15
2624.33
28482.73
31841.87
18195.35
31002.08
26383.26
6524.4
48780.07
33539.48
6269.54
47301.89
38738.61
17126.55
41847.9
20643.6
27728.69
2344.51
2987.77
6999.67
7295.91
1438.87
3817.23
1015.67
7879.92
2031.34
6026.32
35978
16524.1
11289.51
33946.67
7812.81
21055.53
35860.81
34298.24
4687.69
1875.07
30045.53
31286.73
8816.78
34667.92
13610.37
7703.98
36422.72
15108.37
13524.77
14765.97
3459.93
3292.74
1192.08
1192.08
908.59
2725.78
1410.14
2954.75
1533.71
417.95
13574.33
12477.56
11024.69
6808.53
11352.3
13446.13
498.53
7791.35
6423.95
4515.28
12507.63
1047.24
13396.8
14819.47
2430.39
15076.34
8476.73
3457.88
7409.73
11104.72
24261.85
18007.68
14691.9
19625.14
13532.72
4124.51
23533.99
13910.13
13910.13
24801
1905.4
185.46
802.81
2103.57
1737.73
243.89
1125.46
886.65
2273.78
619.89
21014.27
38644.21
157.41
36440.47
49505.52
32426.51
70677.19
64538.19
17944.77
74848.56
6200.28
14418.57
19595.22
13950.63
13862.89
8540.01
12576.04
10616.52
25766.25
1608.56
12548.78
13403.4
170.93
12947.6
10483.43
4857.13
8190.18
4458.3
9984.89
1794.72
2554.2
2815.65
5772.09
1535.2
1273.75
6268.18
630.17
4511.75
4370.96
6476
2816.23
1736.68
6195.71
7251.8
22107.43
1760.15
9551.73
17742.27
17460.65
17836.15
11292.33
11379.64
18393.69
19645.16
3812.62
6315.55
17549.67
23224.94
7450.61
9051.32
1680.27
4340.2
1715.89
4631.13
2357.13
2481.81
3918.65
4755.81
4542.07
4417.39
1671.54
5437.2
6000.64
5690.75
8057.2
8667.6
6310.54
3249.18
3530.9
1812.4
4525.15
6000.02
4913.98
1347.49
1434.64
744.14
4860.35
3063.7
2943.03
6274.88
49083.22
41281.51
4484.45
5528.77
52154.76
37964.24
27889.59
3440.13
46503.13
28381.04
359.92
1962.3
3150.53
4215.5
4412.71
3855.58
2312.36
4082.38
2213.75
3239.28
28795.77
8998.68
1199.82
19317.17
49132.79
47033.1
48292.91
3479.49
15297.75
55251.89
3831.57
2833.04
3657.41
10182.68
9218.98
10565.84
9079.65
10774.83
8464.28
9602.14
1129.44
672.59
6148.46
2944.16
6072.32
6040.6
5158.62
425.13
1986.04
6192.88
36240.99
35445
42655.74
15638.88
10113.77
13485.02
35913.23
2668.91
33103.85
36240.99
1495.84
866.24
1441.56
60.79
1982.15
1491.5
966.11
419.01
1211.43
1013.87
37761.21
36388.83
25617.74
34351.06
26906.94
34018.36
35765.02
20668.86
21500.6
35058.04
19296.88
14689.96
33074.15
10865.36
22121.87
3433.45
18905.72
2042.69
11734.59
42635.67
516.81
7396.11
10749.62
6465.85
5351.84
8349.33
7981.83
3319.06
3870.32
4697.22
6819.39
12926.87
33534.92
12514.71
34022.02
6144.95
33272.64
37356.78
37281.84
4383.89
1272.58
1050.86
1122.46
1676.76
1411.15
859.16
780.64
1443.49
1974.69
1487.37
12910.1
13404
13115.89
10838.44
932.93
13376.56
5844.53
13623.51
3814.03
10564.05
2055.53
953.86
1533.56
528.89
1134
1013.91
621.28
1092.43
1750.66
1944.67
2131.48
10130.8
1604.88
9453.74
9491.36
1629.96
11923.75
7008.81
6231.45
3535.75
8019.52
5898.66
1060.43
45731.15
35060.54
31349.03
55606.42
43544
46261.36
64156.16
823.52
6421.94
3241.19
3770.06
2493.22
1314.61
2719.88
6459.72
3785.17
5711.75
9061.36
8733.18
5624.6
1340.06
3300.01
5159.69
2734.82
5496.98
6381.24
7356.65
21250.38
31795.28
25907.27
21571.55
13435.38
38967.95
214.11
52296.28
9474.35
37362.13
10541.62
10028.02
12441.93
4802.15
6715.3
9694.18
3941.87
12005.37
4994.75
1373.88
783.22
2504.11
10943.09
2625.46
6497.46
529.5
10082.64
6508.49
9200.14
3044.65
21337.92
80120.98
44834.54
79954.92
22002.13
27564.94
73976.99
75803.58
67583.91
12869.17
27155.74
16497.35
13716.89
49955.44
69882.01
30584.97
41799.45
47360.36
74794.14
42355.54
31190.43
8151.1
30608.21
33602.49
5073.64
9565.06
12725.69
11228.55
24869.17
1497.14
11463.57
7202.24
7727.41
3916.22
14494.51
8312.59
14749.59
5956.85
6587.05
4591.43
2824.79
5765.15
5572.55
2067.24
9386.02
10169.26
9565.78
4956.23
10515.94
3954.71
15811.14
5606.79
43452.6
50573.22
9924.01
5158.24
30837.33
1906.31
48106.23
25342.68
3018.49
5426.78
4515.54
602.07
3864.65
6630.92
7306.22
1196.01
976.33
6305.48
6151.48
18946.55
8260.56
5553.91
33815.56
17153.84
29421.64
1370.9
11881.14
13216.89
2133.17
1948.22
2638.72
1553.64
3705.31
2367.45
2090.02
1048.09
1831.08
1664.62
13696.24
38696
22937.07
79207.16
56847.64
80609.79
1485.13
63695.76
72111.52
68316.18
49391.93
49210.12
5030.1
29574.55
55149.27
20362.81
14241.84
13878.22
59512.73
36240.95
9971.31
1531.87
468.07
8411.08
10311.72
7162.89
11957.06
9162.82
10950
4709.07
13351.54
19355.04
3126.82
20699.57
4658.97
5597.01
18792.21
8317.35
16103.14
11381.64
23355.79
84340.36
92589.03
3985.31
10565.72
27526.47
66638.15
46433.54
62745.52
17794.89
43585.24
62396.59
50135.62
57105.9
17971.56
16375.96
65335.87
52738.98
42829.42
18895.33
6252.57
6525.41
22145.46
9049.17
12095.88
7866.87
20644.85
19598.96
15324.48
10936.31
20391.13
1444.86
6828.11
9344.96
15963.34
19202.62
13982.49
19202.62
21835.98
19156.01
15410.74
53507.67
38824.48
30556.92
18916.19
50399.07
14352.49
31879.73
65412.96
9391.95
36717.47
38970.89
8549.74
12526.36
35657.04
7953.24
64222.43
53419.28
13122.85
18159.9
15748.78
2608.08
11911.89
3736.57
1103.42
13291.17
12087.44
476.48
50.16
17729.91
208.48
45395.73
40861.37
16313.27
24287.5
51441.54
47219.89
20274.33
573.31
33095.62
16603.51
5775.13
42197.85
51123.06
56832.56
12731.54
20869.23
25659.97
33666.4
1378.16
9996.63
2998.99
40077.4
25536.85
7860.99
20902.05
15812.85
15131.26
29081.11
19493.43
3198.85
1537.91
1391.81
1910.85
430.61
1537.91
1795.51
757.42
3702.52
2164.61
7162.89
1517.68
4850.91
11630.83
12793.91
12354.21
8552.91
8354.34
8141.58
1787.18
36806.43
10428.49
12432.39
34884.31
6911.43
19957.26
8261
17258.12
19589.2
39996.32
10241.8
11343.69
1090.29
1600.64
6843.33
10485.38
5057.11
10879.74
3073.7
603.14
33010.21
17418.15
19291.07
1076.93
16528.52
38628.97
18869.66
42843.03
2903.03
16200.75
31019.9
9788.8
14286.35
54169.08
46033.79
54896.62
49473.1
4431.41
29763.23
20900.4
19758.33
26777.74
16950.57
23606.01
19290.37
20382.28
45548.15
44768.22
26621.75
17470.52
13390.38
13796.59
11402.86
2074.57
12766.56
725.37
7834.02
7674.44
2916
9719.99
9221.99
2352.94
6394.67
6850.08
6717.25
12865.25
3074
15901.3
9335.85
13870.94
38800.89
39299.94
12268.24
21334.25
873.33
26990.12
17425.05
17133.94
30483.45
21459.01
16120.56
29271.53
9878.39
53937.2
4666.48
28604.9
31089.64
46058.73
54300.82
43028.55
19009.05
21493.73
5331.22
7188.7
11844.47
9118.55
18984.93
4921.12
7285.19
1109.67
1764.31
11270.55
3462.8
12745.2
7399.59
13140.19
1342.99
1119.15
9927.56
3726.13
13417.12
25146.56
4894.3
19633.44
10210.51
17158.16
24218.33
19999.11
10351.15
8635.34
7586.71
6056.05
2049.74
6069.36
10634.7
7493.54
9383.56
319.44
4618.57
10408.43
10217.51
6722.66
8208.84
685.04
10589.06
7012.93
5352.58
9102.88
1335.24
1555.85
5078.39
2532.31
4397.14
3770.94
3289.25
6103.7
1451.95
2917.66
3371.83
3874.16
24872.38
8885.19
3289.67
23704.08
6394.88
1260.53
18354.52
8700.72
6271.9
21459.73
25909.35
39693.35
44154.56
40150.91
6920.6
53706.13
38091.89
29283.85
20590.21
25051.42
35425.84
40947.38
12655.57
6840.85
46224.61
40898.52
24089.57
34448.57
43928.04
24089.57
12654.15
4544.31
21672.85
1141.9
17687.85
19132.7
2843.11
14611.7
10883.04
3985.01
22085.16
52971.18
57952.79
67168.78
42094.65
56043.17
50812.48
82279.68
44253.35
72067.37
439.98
1110.43
1592.32
8946.3
984.72
2461.8
8935.83
6044.52
8296.8
7374.94
43116.62
9647.1
16537.88
23888.05
29072.55
44888.54
40032.18
27825.64
60835.78
5972.01
3496.78
20114.5
17708.46
23386.71
15462.82
21750.6
27140.13
5068.72
22969.66
8148.46
8858.16
5008.23
6298.89
4931.01
9089.82
4191.91
10954.12
1875.33
4368.41
3298.37
36715.82
68151.16
57507.7
64438.33
27392.48
61963.1
75246.81
71286.45
4620.42
42491.34
33534.74
35170.58
33330.26
17053.64
16481.1
40814.24
2658.24
16971.85
35252.38
22329.23
37148.02
22963.26
17985.21
50690.46
38165.04
856.44
4496.3
50743.98
18092.26
48281.72
6869.76
2229.86
11982.66
6622
22388.65
10405.99
19888.51
19055.13
22388.65
1306.38
5718.24
8757.14
11053.72
5869.03
3560.85
1159.89
3444.86
9998.22
788.72
10183.8
14194.42
9602.99
3901.21
2385.74
10233.19
14239.43
6977.17
4411.37
11718.65
7562.35
19463.16
55516.35
71364.92
64969.88
53291.99
62745.52
74330.74
22058.25
20482.66
49492.04
5721.35
5462.41
1251.54
4260.18
2441.44
3563.51
2009.87
4438.98
437.73
3853.28
9825.25
22223.79
8129.23
19153.4
20206.1
1023.46
24153.75
18334.62
28013.67
9328.14
36626.62
48025.98
47579.92
41384.62
26466.33
13381.85
41582.87
38609.12
30827.82
6988.3
2541.14
368.66
4858.45
4384.45
10980.88
1961.81
11533.88
934.82
1711.65
11481.21
48366.74
52173.08
27497.51
7612.68
36291.46
27497.51
54535.64
61492.05
3412.58
54601.26
8300.33
10125.03
4829.28
8602.16
11936.01
4980.2
4541.17
7394.84
11236.31
8629.6
40542.76
28764.72
12810.39
31298.64
1266.96
3284.71
36554.18
43123.61
32002.51
43921.33
8441.46
8231.79
7010.24
8250.03
8222.68
3345.59
8076.82
7584.55
173.2
692.82
6296.23
1726.39
5628.89
3917.01
13230.8
7645.43
9052.65
10735.51
9357.31
9429.84
1230.8
3164.92
9593.65
4879.24
2791.28
131.87
1450.59
538.48
9637.61
6824.35
3703.21
5801.4
5774.5
4357.77
2788.62
5093.03
8957.64
3954.27
8069.95
7451.25
13986.44
19916.37
35865.82
26746
35988.5
27850.2
25151.06
1063.3
13904.65
4662.15
2564.22
16145.92
16276.31
10191.71
9344.21
8062.1
19774.95
10126.51
934.42
8648.83
6801.78
7013.32
6069.53
5825.45
5988.17
2172.34
5028.11
2465.24
2904.59
1000.74
5527.61
10718.17
28312.14
52175.22
3370.49
28716.59
12403.41
49748.47
39771.81
56152.4
3660.11
27873.15
44343.65
24353.81
43639.78
21350.65
42842.06
11449.58
17174.37
7648.69
4412.54
9795.83
7865.34
5250.92
6850.46
7258.62
4633.16
5592.89
9917.17
10865.87
5054.73
15890.13
8550.02
4732.09
19089.66
8173.6
1129.25
10485.87
18390.6
11292.48
12037.46
17103.32
10059.36
8829.08
8563.72
4631.65
14811.62
2460.56
10951.91
14715.13
10320.5
1618.68
7645.66
4798.63
8403.34
3742.47
1572.76
9930.18
9562.82
6463.23
3097.02
9291.05
11637.27
5630.94
11214.95
22195.29
44343.65
46314.48
13983.5
24541.51
15470.45
4990.47
30441.86
2911.11
20544.1
21958.06
1164.44
38135.5
35307.57
914.92
38441.59
17130.59
11677.88
38305.27
33034.32
29853.57
2908.11
11223.49
10223.83
38759.66
54311.49
7136.49
5653.58
64784.52
78594.1
44394.54
39575.09
59130.93
64228.43
32623.96
9167.85
11478.57
13339.15
7337.28
8357.6
14434.49
7337.28
13699.27
10668.32
7067.2
27398.88
28312.18
68663.26
2407.78
81200.33
34622.23
42094.65
66504.56
33791.96
44502.43
6727
4787.68
23089.97
18362.89
28544.29
7636.05
8302.69
1030.26
21877.9
8423.9
40494.08
26938.86
56337.1
34545.8
25852.15
3546.09
25051.42
38778.23
48901.75
49302.11
5374.67
78520.61
58197.63
50807.45
70962.48
42829.42
20574.92
17887.58
10581.39
67771.27
17248.72
12313.53
10701.05
13046.48
29806.57
5130.64
5863.59
31321.32
37624.68
30344.06
2452.43
1720.56
8076.34
10246.3
654.84
1284
9552.94
462.24
5508.35
7074.82
45464.1
30784.63
1003.27
27616.4
17055.64
48949.15
3854.68
19062.18
25029.02
11564.04
1178.41
937.92
2174.05
543.51
3766.11
38.48
3487.14
2207.72
1005.26
19.24
196.9
17270.68
21321.13
23937.05
22390
21996.2
6807.01
20392.9
15751.76
22643.15
11337.2
8695.75
5224.46
5119.27
1133.72
9210.01
9981.41
6077.67
9654.15
11419.02
5291.2
6204.44
2287.83
7710.83
5583.06
6637.53
7804.98
1930.06
6034.98
4406.19
12806.03
13821.14
1952.14
7027.7
11103.76
10635.25
6934
6730.97
7636.77
7808.55
3212.6
789.06
26771.64
55515.92
26433.47
42552.81
3212.6
8736.01
4058.02
42721.9
18582.55
1705.28
24952.28
20162.45
5492.01
18081
16300.49
4488.9
18181.31
8200.4
29940.25
13186.3
6085.99
26057.81
34941.95
25253.34
34032.55
4232.21
2028.66
20111.73
259.67
2239.68
11506.75
11458.06
4933.78
7514.28
2564.27
13892.49
1509.35
12155.93
34376.91
1127.11
18491.68
13454.9
19583.57
27579.02
13560.56
15850.01
29093.58
22190.02
11441.6
5687.34
8229.92
4496.35
4375.91
9541.35
3051.09
2810.22
8845.49
6931.87
2322.82
826.11
1146.83
636.59
592.85
4120.83
3275.28
3353.03
4601.91
777.51
21129.47
10148.1
21724.67
28361.11
952.31
12558.64
20355.71
18004.69
15742.94
15594.14
17868.45
20052.11
15802.19
10166.94
11998.39
7983.28
20028.63
10894.82
15896.11
6198.78
2793.02
115.13
3944.35
3807.89
409.36
1006.34
1078.83
1083.1
2298.38
430.68
14111.27
12509.63
2478.32
2056.84
5917.63
12678.23
5175.82
14583.33
8851.16
12357.9
2661.65
15531.67
6865.1
64.92
10549.2
15758.89
5842.64
2239.68
12188.39
1687.87
3034.16
8964.57
34571.06
33145.92
33697.59
10435.68
8872.63
4873.05
11722.9
34387.17
12042.94
9273.21
9487.45
11706.29
2065.82
14460.71
4912.05
9273.21
2448.37
6396.38
9714.32
10718.31
3527.55
15168.44
17773.4
23091.85
7869.14
1085.4
23363.2
23444.61
13072.48
17091.6
16366.5
9964.92
11933.04
17070.88
16097.18
5262.14
15724.27
5158.56
5297.13
2437.66
2273.33
3314.13
1353.04
3221
1101.06
4897.24
4239.89
991.5
17347.24
12363.85
28954.12
21289.79
7632.78
20469.74
20564.36
28481.01
7222.76
16747.97
3659.5
2548.81
5360.84
3897.04
1495.9
4847.23
5258.12
5270.96
2613.01
4468.44
354.93
15191.16
1952.13
31589.09
10435.05
20834.6
19201.91
26726.5
17782.17
28146.23
3545.23
8118.86
3247.54
4898.38
4817.19
5313.34
6774.73
7315.99
7631.72
3770.76
1532.22
2371.59
964.51
2875.21
2060.26
460.89
2972.88
3018.67
2081.63
463.94
38.79
5043.3
28048.53
10358.17
22229.34
21918.98
6827.86
16410.14
310.36
35109.16
4031.52
765.39
1662.75
950.14
1636.36
4486.79
6571.83
5337.96
4678.14
4816.7
17857.11
25300.36
7977.29
14519.33
13184.22
17957.24
4973.29
13050.71
1368.49
14953.24
12785.68
21978.68
598.78
13525.34
20041.46
5846.89
9721.34
15673.9
9298.67
20886.79
27944.47
19879.56
3481.9
14701.35
8451.79
23480.5
14939.43
18480.85
21010.43
16159.58
18138.98
17773.15
19754.72
14358.76
19358.41
29174.8
26827.4
25486.03
23778.83
15242.84
507.33
7486.62
3578.77
1713.97
11147.65
1960.78
4936.23
9063.47
3592.48
1110.65
47258.68
9332.95
66433.66
48446.51
66433.66
39962.01
46325.39
36228.83
59391.52
42337.67
290.04
3687.64
18831.83
372.91
3397.6
11021.49
9032.65
11580.85
8970.5
41.43
15326.99
2997.28
39032.73
31062.7
30858.34
15599.47
28542.26
35422.37
49727.56
57629.48
13810.63
10063.99
13400.42
14330.24
26472.66
13291.02
22069.66
4539.73
6727.56
14466.98
3935.23
5768.31
7803.2
2867.34
3220.5
4010.91
8072.28
1959.21
4313.62
2985.06
8916.23
10543.05
16362.06
7539.69
6945.27
18864.86
8665.95
18552.01
30221.33
9354.22
13087.47
6875.57
7592.33
212.37
9198.4
8601.1
12848.55
5309.32
5030.58
3198.86
10029.86
7173.46
14444.29
8293.3
6053.62
6378.21
12431.83
14947.41
12675.27
1152.3
4999.5
2604.53
868.18
2791.64
1526.79
2754.22
1429.5
3420.32
3772.08
4198.68
1302.48
26375.18
13567.48
7245.04
23797.36
17664.86
12400.68
17664.86
13133.32
1600.96
5852.01
42867.17
7136.6
1665.21
10895.21
27214.23
32638.05
44913
13559.54
475.77
18270.45
6726.28
18864.86
16487.2
10073.78
28062.66
26185.56
23964.32
6788.85
3754.2
2412.18
6390.17
8104.09
11256.86
14557.74
4485.81
1523.48
7490.46
21.16
18091.37
9860.33
12145.55
17139.2
2877.69
18937.75
5289.88
3385.52
14346.14
11214.54
14896.29
3031.01
7704.84
928.2
3022.79
3893.49
7803.41
3170.65
4115.27
5158.46
7943.05
10216.76
15679.19
15780.35
3995.66
6018.79
4585.74
11514.93
1433.04
14178.71
4838.63
10285.59
8258.2
3513.45
8258.2
4521.84
9139.21
1220.68
3524.06
2388.3
8735.85
9012.57
10618.64
9888.61
7419.77
12795.46
1791.9
9556.77
7778.15
1526.43
6371.18
18190.53
16190.53
16349.26
18412.76
190.48
21523.88
30476.29
24635
4222.24
19428.63
12177.43
21656.25
28638.88
438.52
25063.24
16697.58
23950.06
33631.29
4115.36
17473.43
18419.61
19050.42
30688.84
24380.76
14540.14
3406.37
24538.46
16022.54
25106.18
24317.67
15798.93
26060.42
16800.05
17769.89
27155.39
22556.5
12326.3
7821.25
24371.03
24621.31
26833.61
12560.41
24359.59
26310.26
40202.84
33161.4
29545.52
33256.55
23455.62
16794.8
5595.79
6086.76
3789.28
4802.69
276.96
239.19
3757.8
4777.51
906.4
4764.92
16604.65
22411.74
42600.45
38925.65
37972.93
499.05
26676.32
42645.82
27130
28536.41
3862.33
27354.42
3317.06
39532.13
23083.13
21810.83
38668.78
17766.74
26945.46
10042.07
1213.09
2362.34
8287.34
2515.57
89.39
10470.9
4252.21
11850
12079.85
7304.09
3991.45
1918.96
9690.77
8999.95
6140.69
10266.46
211.09
7599.1
537.31
18057.46
4545.92
536.54
3580.16
5433.65
1668.14
1804.71
2516.84
2233.94
9482.05
7755.38
24216.86
15843.25
1950.67
27404.54
16319.02
6089.9
3044.95
28213.36
42629.29
3948.92
36018.25
28523.77
31879.5
9992.64
34713.24
8314.77
28300.05
3281.17
19500.56
29306.77
3510.13
4505.54
2290.19
3996.61
3083.52
5029.44
3981.64
5021.95
5149.19
5897.62
2608.83
350.59
1120.53
2289.18
560.26
2828.82
1110.22
1876.71
522.45
1718.6
2906.89
3304.53
301.66
2893.18
1192.92
1823.66
13547.21
11175.08
836.42
6033.17
51840.31
21126.41
35804.6
78821.03
62021.72
40471.08
60494.51
26895.87
54555.35
76869.6
38789.55
4173.85
16377.81
32392.68
23908.88
25632.86
34887.91
7667.17
15198.25
44415.17
2822.07
5011.6
8085.05
3770.86
5587.36
2238.19
4719.66
5335.97
7095.71
5117.02
22191.83
16093.31
1863.44
37311.08
18210.86
32525.44
13171.11
4573.89
18634.36
16008.61
7649.77
8118.86
7379.14
5060.75
5719.28
5358.45
8651.09
2300.34
1290
2273.28
2478.22
3086.61
3282.53
556.83
924.61
1213.33
1787.34
1883.59
1117.09
1515.81
9705.27
13486.75
12756.42
2434.43
210.98
2483.12
227.21
4641.65
908.85
12155.93
81.03
2970.94
5820.33
40.51
5226.15
2336.24
12815.54
11681.18
9479.99
6873.67
36573.4
77.49
9065.86
71829.54
9918.21
43624.63
29367.2
75083.95
46259.15
35876.03
4771.69
2824.62
9008.62
5196.75
7253.52
2536.67
12395.42
8501.29
1000.96
4031.26
19694.91
20128.72
23599.19
1793.08
22066.39
21314.46
14894.09
8039.92
8097.76
8734.01
3351.21
10374.98
1147.68
14246.47
1545.54
1377.21
11400.24
10726.94
11951.12
4820.24
20753.61
189.24
22646.03
25831.61
20185.88
4352.58
94.62
18924.26
16937.21
20375.12
30798.57
29265.03
12779.49
20766.67
10575.03
24696.36
22332.16
7987.18
27124.47
7444.05
34620.64
15820.03
73215.38
28048.06
15208.62
65190.73
66719.24
50211.39
20176.26
58847.44
13624.65
1765.45
13010.58
38.38
11686.5
2571.41
15063.87
7771.81
18613.96
7349.64
12338.19
13328.46
8176.39
11334.54
4857.66
11575.42
5218.97
682.48
5874.69
521.9
30686.57
18660.23
30298.62
17186.03
38639.47
35147.95
31772.82
12763.44
6595.09
25449.29
19166.54
13012.33
4243.59
15646.98
281.57
14782.17
13635.8
2775.43
3781.02
5490.52
24253.66
9951.08
15044.69
26682.39
10895.59
8399.39
13290.6
1214.37
20205.76
20441.89
5638.12
2743.75
3627.78
4492.16
4498.71
2566.95
1918.66
1335.86
3411.69
510.77
1912.12
137.52
5723.25
2789.59
3228.33
681.03
4210.58
890.57
1335.86
5867.31
10588.14
32160.77
49373.57
6284.94
5322.38
5888.59
8606.4
50675.86
39521.51
34085.88
15547.9
1898.86
13957.41
6946.24
7027.39
4317.06
11863.8
6848.87
3197.22
3099.84
21118.55
16539.91
20479.67
28430.18
9121.79
5324
16220.47
21367
15830.04
14942.7
10129.45
5271.45
3996.65
2411.77
9738.98
9865.31
7533.92
1412.61
5914.59
11197.52
2863
39.68
3024.77
1153.75
381.53
2957.62
2118.25
1315.52
2240.34
378.48
4849.41
4087.13
6560.49
7930.98
2805.85
6446.96
3470.82
186.52
948.8
8085.05
29.55
1365.06
1680.93
190.26
432.24
1069.51
862.63
391.6
1450.03
544.92
2841.74
1583.11
5172.15
5290.15
1622.44
265.49
639.14
1966.6
1425.78
9085.69
884.05
7025.07
4365.01
4365.01
1862.83
3504.64
931.41
4664.96
2249.6
5927.89
2735.32
86.9
3902.28
1382.14
3153.27
2040.11
2151.84
3492.6
3269.14
2271.84
70407.38
33069.03
61145.15
5933.61
31911.26
40160.42
37338.34
31404.73
62230.57
13169.72
3472.46
10084.91
2487.37
541.8
10922.25
5282.57
3152.31
8767.35
5011.67
10466.64
2802.25
3661.6
2668.81
373.63
3640.25
3106.49
3202.57
4649.06
955.43
2786.23
874.56
404.21
3171.19
2399.52
3031.56
1359.61
360.11
2366.45
3241.01
955.4
25494.72
9832.33
1260.55
26944.36
7342.73
10966.83
15284.23
3970.75
18719.24
27543.12
48274.59
11571.44
78559.2
1175.22
82717.69
52885.08
73315.9
56410.75
7955.36
58309.19
6266.06
6991.6
3290.6
7262.77
2132.66
3012.11
4822.3
7284.75
3048.75
2242.59
12110
4207.23
795.96
10745.49
12470.07
1288.7
17113.19
2425.79
4036.67
16127.71
27999.84
22372.08
13444.09
34635.04
12019.78
24699.61
22997.39
18724.46
2813.88
10109.12
20852.49
1557.94
2316.94
37031.15
14740.56
4593.94
20413.07
2316.94
26804.64
1557.94
21803.53
21704.57
13656.07
5112.78
23089.97
30346.82
15602.22
18109.13
16459.85
29225.3
453.39
3587.28
837.03
3472.69
4628.59
3517.53
2142.4
2072.65
587.92
74.73
10046.9
3141.67
8116.86
4439.08
579.01
1436.8
6197.55
64.33
2626.99
9650.17
11942.93
14611.04
5463.26
18464.96
16114.49
17702.65
656.44
6034.99
3599.82
5780.89
24389.76
3543.81
52253.85
30365.6
30365.6
3543.81
57743.29
47389.8
11743.22
62607.34
2128.32
5969.07
16977.6
12427.41
13210.24
10323.55
11179.77
18518.79
22017.06
7608.12
38378.52
37748.68
31282.28
35355.27
28594.94
4282.94
19819.11
25151.79
6508.39
13100.77
7430.66
6428.17
4997.13
4400.23
2487.09
6925.59
4759.9
2410.56
1400.42
2869.72
6547.68
34766.04
5618.33
6970.11
19136.11
38948.11
30415.01
12081.52
19262.84
3463.93
6437.95
17972.61
26780.08
25572.97
35274.6
17480.82
670.62
30624.97
17480.82
28434.28
3305.25
3766.96
4177.37
4719.7
6647.15
1832.18
6757.08
6764.41
1216.57
3957.51
1971.61
8314.57
7244.27
8123.04
3357.37
5633.18
6928.81
9317.28
7706.19
3864.36
4103.77
17521.3
4639.04
14773.56
14166.92
1017.02
10188.05
13703.02
12097.19
10776.85
5566.09
9224.91
7862.58
1167.71
3366.9
6286.18
2588.43
1342.87
3396.09
8884.33
3828.99
9946.58
12264.52
5178.68
13672.88
14083.66
14068.99
9389.1
13100.73
8171.45
26946.76
22783.79
6525.73
6581.98
3234.74
10913.72
19211.52
22671.28
9704.21
4781.78
1125.16
2118.97
2885.13
197.01
1020.08
1081.38
1545.45
4075.96
2561.16
709.24
22130.45
3979.01
40550.14
26020.05
2548.35
15156.01
581.2
9075.72
4515.51
22130.45
2549
703.17
4669.51
1911.75
4257.5
2559.99
1527.21
3312.61
5350.71
1301.97
45973.3
3982.84
54109.67
45688.81
44095.68
48533.7
47623.34
50411.32
47168.15
15589.96
437.26
10294.43
8695.29
249.86
2248.78
9020.12
11918.55
10881.61
9744.72
9007.62
6517.5
27978.7
38732.58
38499.81
31842.65
2374.23
9124.5
15409.24
3212.2
16479.97
17484.71
2660.72
10991.29
30281.48
14507.24
18846.74
22616.09
27113.96
31390.12
26607.16
6818.45
979.53
6971.5
1423.38
1025.45
2265.16
4775.21
2004.98
4063.52
7277.6
10688.36
11272.76
7950.91
3506.4
4967.4
4598.3
5890.13
8412.28
11134.35
12641.49
15917.45
28719.68
34779.4
2987.19
38065.31
29231.77
11735.38
29871.88
2389.75
40113.67
5266.7
9550.48
4973.29
12543.26
11677.7
4503.84
7628.65
11751.05
9799.88
11457.64
20573.71
61557.84
22533.11
59108.59
55353.07
34616.08
42780.25
71109.92
55434.71
15430.28
2796.38
3512.93
841.49
3612.15
110.24
2245.19
1870.38
2575.9
345.41
2998.48
2090.86
106.56
2351.75
2197.42
896.61
113.91
999.49
3608.47
2539.16
3652.57
26021.73
30203.79
20699.1
37216.14
38610.16
380.19
39201.56
28936.5
17488.63
38145.49
3538.12
575.2
2673.25
1824.92
165.53
1713.19
3306.38
173.8
897.98
897.98
40129.19
41019.43
19790.67
64644.97
20543.95
41498.78
33075.76
25337.54
1027.2
53140.36
726.24
3226.19
6103.22
4860.23
2164.76
2402.18
1124.28
1187.12
1117.29
2674.52
1185.93
4167.46
3841.75
5161.31
4493.17
7516.46
1545.05
1904.17
5161.31
4309.44
2591.92
3448.84
6463.94
9828.14
6569.73
1756.16
8928.91
1153.14
3173.78
3110.31
3269.53
18483.41
3243.17
21700.21
16136.73
12550.79
11100.59
14317.39
6591.8
2399.42
813.13
18651.1
27392.22
49549.93
33541.49
27392.22
32118.52
22259.35
1270.51
17278.95
2825.89
2066.2
1114.49
2007.76
3886.12
809.78
1456.77
1874.19
2158.03
3940.38
8766.57
13345.29
7873.16
8277.99
8989.92
3866.78
2093.93
3950.54
9813.53
9632.06
10084.95
1872.41
9646.47
1161.37
308.12
6186.07
5083.95
3330.05
8283.64
1042.86
27839.04
43062.06
31004.69
27932.15
28583.9
8239.98
39477.44
35939.36
39523.99
42736.19
52136.49
22095.66
51962.51
18963.99
18963.99
521.94
25053.35
43727.38
52020.5
41117.65
1425.29
227.35
4896.69
7502.43
2736.9
1250.41
690.78
6663
909.39
7721.03
2259.89
3520.28
1109.73
2032.06
3259.38
2811.08
1965.92
2109.23
617.34
2575.9
7482.08
14237.17
25051.35
18659.77
2241.6
5876.62
999.63
17084.6
17326.93
26929.45
13078.53
13578.12
11740.34
909.97
7422.47
5102.95
13792.23
11579.76
5798.8
13756.54
5556.02
12758.26
6533.46
1903.45
4347.07
5890.41
7498.05
11639.34
7472.33
2276.42
31385
6572.07
30982.63
39924.23
33799.23
36526.42
6885.03
25170.59
17883.19
36302.88
53909.04
7019.03
11215.97
59987.37
48047.79
52968.34
64618.49
10564.72
59697.93
60276.82
10870.58
686.99
3475.35
12096.39
4377.87
13079.72
12742.97
7489.52
4970.56
3717.82
46744.34
9708.94
59410.97
64104.69
56131.79
9065.96
27969.45
24497.38
57482.04
12730.92
4090.5
2695.44
587.92
149.47
199.29
3348.13
1380.11
1355.19
2820
2740.28
17192.33
4479
12361.27
5632.98
4459.45
17407.48
11442
15392.91
6376.22
3403.26
2850.93
417.41
1014.31
4078.13
367.32
592.73
1807.4
1327.37
3648.19
2170.55
3211.21
2023.56
3029.13
1142.13
2855.32
595.89
136.56
3645.71
3604.33
686.93
19037.4
20338.51
44854.3
36568.24
50675.08
19996.11
6779.5
52797.96
20749.39
7190.38
28463.65
2581.26
12104.03
12208.67
11790.09
9906.47
31044.91
2720.79
8999.54
139.53
18812.35
23215.77
5504.26
21552.26
18812.35
10103.38
7950.6
733.9
6605.12
3204.71
2273.02
2860.13
2957.08
4190.55
1605.12
3075.58
3544.19
3635.76
3624.98
565.56
27734.34
7397.7
14345.35
6019.42
2390.89
646.95
196.9
18367.67
19352.16
23908.92
4813.57
8040.25
7236.22
9923.36
9278.02
6749.58
10515.8
7532.44
5511.8
4041.28
12964.91
4574.07
19538.24
16084.97
19719.99
30231.26
6755.08
7754.71
5149.61
8421.13
63112.98
85802.35
24688.82
54941.32
66329.48
37467.9
53811.2
78673.89
14952.39
50420.84
31122.28
6898.24
6898.24
20341.78
20341.78
16299.09
22106.44
25090.33
7700.36
20470.12
36431.94
8136.17
68434.2
62377.27
31279.04
71598.26
632.81
57495.57
15458.72
77022.37
12384.95
16229.64
17710.79
8634.8
16261.16
5105.25
25872.89
9296.59
8130.58
7216.68
4198.57
197.18
2159.4
3534.88
4232.24
4467.9
4371.71
3299.22
2611.48
4535.23
11265.97
14893.27
1536.27
37510.55
41223.2
27140.74
39985.65
17026.97
12503.52
6273.1
2306.23
5118.46
3045.78
8105.86
8135.05
992.55
6373.75
5731.51
87.58
8631.33
8164.17
24492.51
2122.68
58537.1
3347.31
57557.4
32493.4
42127.12
70048.58
51189.34
61884.41
60169.93
78702.6
20165.5
27431.61
27431.61
1877.76
16899.83
17308.04
29472.65
705.87
12095.98
16010.33
3689.75
13411.46
30993.94
19058.38
12609.33
7860.78
28940.51
21127.03
11503.33
27104.25
34885.91
21653.33
11428.14
29284.62
18909.07
32179.25
4774.26
21172.45
30874.78
9990.11
34821.49
22858.02
20884.67
13936.82
25078.05
10730.12
36178.17
707.43
13425.81
9519.56
9288.88
799.7
4244.59
3690.95
6474.53
7535.68
6859.01
5673.13
3503.13
9575.23
6529.45
3104.16
4846
4592.99
8212.9
8495.09
642.24
26332.35
4099.23
1181.13
8024.77
29979.98
1042.18
22962.65
1771.7
15980.06
5280.37
9505.66
1838.54
15549.38
4381.21
16898.95
10659.64
19206.91
10327.14
18757.05
13652.16
2956.9
2408.76
6562.32
3867.91
3026.39
3265.72
2748.45
6824.81
5566.39
115.81
26914.2
25036.47
27003.62
9925.17
14753.63
13144.15
19984.47
28613.11
44082.07
31116.75
4561.42
6188.59
3574.45
8936.12
1173.7
12897.35
2093.99
11056.78
12790.65
7055.53
7738.22
14175.33
40950.95
1232.64
3629.43
51839.24
64371.05
47661.97
39718.31
16161.24
16457.32
14006.23
20005.56
22479.99
373.5
22736.77
13282.57
2497.78
10831.48
1517.34
7063.44
22565.49
46006.09
22065.42
45005.96
14876.97
12126.61
39317.71
38192.56
38130.05
8136.85
41265.47
10506.38
28970.77
42249.04
28702.52
17167.86
9165.14
38225.32
22801.07
37467.88
32867.94
26105.64
14350.24
20640.75
14546.82
14075.03
9986.19
14428.87
8216.99
1836.51
11981.01
3523.09
9032.61
1074.42
4772.42
11031.53
7958.19
4909.84
7470.96
10970.47
2976.95
2882.75
11839.1
3496.67
18342.6
2976.17
17426.61
12812.23
1259.48
8047.68
6663.79
8408.02
20609.66
5405.16
2335.76
2549.1
2747.95
1975.22
6869.89
31237.43
1847.2
30676.67
28367.68
13623.08
16921.65
25234.04
19395.57
5112.78
12897.4
54.81
2346.68
3632.12
3831.41
1295.41
4489.08
4294.77
3178.73
4215.05
3567.35
27731.08
29658.21
228.64
14208.51
26751.19
21884.37
16690.91
21557.73
14045.19
14306.5
4535.47
3884.23
1255.98
1378.09
5803.08
3465.57
5041.35
4186.59
2727.1
1796.75
11170.83
3571.72
12449.59
5291.44
8907.26
9833.27
2513.44
13199.21
12346.7
1146.48
32719.42
36327.73
2140.52
3119.05
15167.13
58589.16
13393.56
31007
20610.17
53941.17
3773.39
5567.42
6835.1
3269.28
3321.18
7309.56
4833.5
2824.48
6701.66
5233.82
17165.48
21126.74
7474.08
5954.35
16916.34
21724.67
16717.03
2815.24
14001.45
13104.56
2709.86
446.33
19351.57
21073.13
16163.5
3506.87
29234.58
27799.95
20849.96
16641.71
4244.12
16257.14
599.45
6378.17
23234.76
1031.06
7169.45
17719.8
21124.69
8248.46
33697.94
38590.56
21099.44
41159.19
9051.35
33881.41
20610.17
13148.92
21221.75
33086.36
5287.56
13038
11674.37
11326.5
8849.7
9239.31
751.39
11855.26
2824.67
5134.5
12237.28
4213.05
8063.12
7129.77
2540.79
3733.41
3085.25
3590.81
11459.49
8853.88
3327.31
5287.24
2108.06
2860.12
2187.82
9343.82
7440.87
11178.4
7440.87
7577.61
11281.56
20515.98
15197.85
18246.32
2781.45
11125.8
19536.91
5874.42
7276.28
2091.65
32307.95
27026.19
3086.75
45752.45
44723.54
59608.52
65919.2
68457.19
8917.27
5967.71
15581.58
6682.1
4374.83
14353.04
29455.19
16780.17
20915.28
24870.61
16360.66
10847.18
7500.19
604.12
9415.13
6428.73
7397.6
5893
6736.49
4479.6
9734.29
2063.12
1920.06
6620.12
7331.8
3528.75
1831.1
6486.68
4106.99
2780
111.2
719.09
7782.72
3008.26
4626.33
6962.29
4500.99
5104.92
2301.77
1014.15
8762.68
1937.13
2229.59
1915.4
2619.48
1934.33
953.91
83.28
1676.92
317.97
1828.34
1097.76
32536.49
43367
34334.08
3100.85
8089.18
35322.76
29210.93
24447.3
28312.14
6021.95
19407.7
9791.05
2690.67
6676.85
13453.35
5306.6
10289.32
12705.94
4459.54
7399.34
40529.37
38446.08
55554.27
48104.95
57132.52
37309.74
29292.25
12436.58
33711.34
18749.57
9766.47
4204.78
13736.72
12212.28
7806.48
2228.03
8292.29
12647.83
11860.48
11073.14
25350.04
2756.74
1618.09
8180.33
5123.94
17379.46
5483.52
22113.86
18038.68
20226.1
1883.71
1865.84
3073.99
2555.7
3202.66
982.96
1615.63
911.47
407.48
232.34
12455.13
20775.66
20107.97
25038.65
19671.39
1643.56
24858.89
15459.76
1874.69
4699.56
480.74
363.4
2664.9
1449.8
3652.89
1767.77
582.95
1737.49
2172.81
1639.07
3556.32
4604.98
7534.38
1778.16
3430.94
6223.56
10554.97
10509.38
5665.04
2484.86
6455.88
4544.27
1157.03
3898.68
377.29
2221.83
7579.37
871.96
58.69
7973.42
24463.12
20854.81
1957.05
29355.74
33942.57
60913.16
17368.81
15105.97
32902.89
54736.22
4284.49
9241.27
1823.19
7543.43
4318.67
8101.78
10107.28
3144.99
7452.27
9640.09
8033.41
4500.99
4090.77
9970.54
8489.21
4113.56
3338.71
8842.45
4706.1
10916.32
8423.46
10167.43
6839.08
1584.39
4593.58
7842.14
6428.73
7511.59
9494.92
3294.16
2524.85
2717.9
249.83
3141.86
916.06
1718.56
1945.68
1544.43
3035.87
442.89
15988.7
15130.67
13958.72
1485.86
11028.86
13498.31
8098.99
14963.25
1423.08
11405.55
19960.3
14071.4
26345.12
743.86
40416.52
23121.72
22501.83
7128.68
11777.82
40664.47
6971.23
10060.27
2045.45
9350.63
7959.16
1753.24
4202.22
2852.5
6205.92
4480.51
12040.1
17630.14
21715.18
26301.88
33540.27
22216.85
47085.38
40707
31175.25
41495.34
25585.7
14267.63
67771.25
10700.72
50211.09
62215.1
19480.8
58236.63
53640.81
44037.59
26289.84
42737.84
20941.99
19998.25
1168.44
19593.8
32896
38198.91
35322.76
40266.15
7644.72
51922.96
21405.23
29967.32
22261.43
22016.8
57671.79
16023.34
32291.31
36816.99
16936.45
2125.63
15719.36
13782.3
13165.18
3942.7
7233.99
13182.32
11999.51
5999.76
3328.12
3485.75
1378.09
3035.39
4499.05
2341.85
3220.04
3418.19
454.86
2598.55
2971.32
2994.58
1011.76
3907.48
2174.7
645.43
901.28
3942.37
3773.75
1471.12
3438.08
15869.97
9342.6
1918.35
22472.07
18859.6
18834.69
13528.09
21899.06
17912.88
8386.69
8795.8
16330.19
4074.02
8148.05
5420.67
16551.79
1636.43
10278.81
3937.65
16720.24
11206.76
9558.7
29664.94
20705.53
16690.27
2067.56
27687.28
8569.87
26848.27
7833.97
2297.05
2725.6
6068.32
13730.87
5588.34
3976.98
11005.27
2794.17
15976.49
6325.14
10331.07
4979.02
7087.41
3162.57
13542.3
5416.92
1524.52
3795.09
11790.72
44569.68
16098.11
41097.54
3219.62
48799.38
47031.74
41350.06
3850.92
30176.07
10984.59
15154.57
10071.38
8076.1
10855.23
11710.35
4869.42
4038.05
18812.57
14275.7
1140.16
24041.28
44994.68
14226.26
32091.79
38818.94
30713.28
28342.24
13564.57
33084.32
19630.03
12703.96
11550.23
12.96
11239.11
11861.35
9696.49
4031.56
1400.03
12198.39
8490.91
1685.45
8175.1
6410.02
6715.26
3437.26
11930.86
11413.28
6516.19
10510.84
12952.75
8885.51
13559.39
21905.61
15202.96
14304.13
3775.06
20672.94
6985.14
19671.39
21135.19
6163.38
56617.13
31318.59
13258.44
31748.59
63353.85
69803.9
68083.89
36478.63
38628.65
19155.26
20674.18
2897.2
15526.73
22840.05
7650.85
14401.61
5878.78
2953.45
22305.61
45438.94
19407.19
10916.54
28877.52
17727.72
35688.7
16234.86
13902.26
44645.86
46.65
3864.6
11905.48
19104.86
997.32
14679.26
16237.57
29389.7
21566.99
3615.28
4581.43
13206.24
43944.1
38882.48
33774.84
30277.72
28069.01
23789.63
8880.85
184.06
5889.89
4002.83
12384.45
21938.17
16276.71
3715.34
11499.85
18731.48
14352.7
7187.41
2521.12
36840.64
11208.69
15353.79
8840.06
20048.75
36037
40012.91
15522.98
27746.8
28085.17
4547.13
1252.36
2990.45
1872.69
3534.71
3640.05
5436.66
263.35
5348.88
3786.35
6001.02
2863.14
3759.67
11626.07
5104.48
2834.22
3875.36
1489.41
6608.35
347.05
7625.23
4870.06
5122.29
19.4
572.38
5199.9
2173.09
5617.06
3570.08
1202.96
4174.02
12548.81
1725.8
12040.44
4990.09
11077.2
3398.08
1204.04
2568.63
2220.79
9575.19
5005.88
669.39
2318.61
4753.64
2037.28
8818.49
8411.04
3259.64
7499.11
5277.73
12782.93
17458.64
7184.13
5779.41
4033.55
17117.49
19926.93
12501.99
742.49
5809.26
20221.3
222.21
25840.09
26284.51
5714.02
27681.27
22030.74
9650.35
2063.4
3765.32
2451.15
9893.2
3898.22
14308.22
6186.94
1506.13
7250.09
8416.6
2451.15
30119.12
973.68
29340.18
61861.03
36026.1
49138.3
2336.83
64392.6
34468.22
46087.44
2949.9
11264.56
5928.72
5625.05
1605.09
11163.34
4771.89
7765.17
4829.74
8806.31
5120.28
286.82
3622.44
1476.6
520.53
4881.26
4174.84
2390.17
1221.64
2013.06
39710.74
782.25
43483.95
5429.74
24479.86
44404.25
23467.53
43299.9
8834.84
17301.55
23312.29
22501.97
25369.26
25961.42
28641.71
10284.84
25618.59
7947.37
10471.83
27488.56
3236.23
864.69
1227.1
1780.24
2149.01
1436.91
1805.68
1913.76
2543.2
5798.51
813.83
3363.39
2422.4
877.41
1252.53
909.2
3439.68
565.86
5664.99
3713.08
8488.8
9870.15
2349.47
10295.18
4781.59
10578.53
8335.32
377.8
2927.99
767.42
4139.82
401.31
4625.62
14109.18
3696.27
2175.52
4984.68
20994.8
19326.2
8026.18
4326.82
3725.44
3975.36
6826.07
1366.78
257.73
2655.45
1655.75
3764.49
1046.56
4331.13
8780.3
3168.9
7926.79
4685.25
3659.22
862.59
1480.03
2887.42
6047.24
20709.92
4612.25
27854.39
11666.29
14891.85
1145.53
6722.43
12630.94
25382.46
27462.5
35201.3
33912.88
17117.49
20338.53
11043.54
43023.81
23513.55
38698.42
1012.32
36397.68
797.36
6364.13
7486.34
12506.77
6334.6
13082.65
8682.39
708.77
2908.9
295.32
3561.43
7216.57
2874.13
5092.21
7169.71
3358.36
3670.77
1882.24
5724.83
1726.04
36248.48
11039.5
24489.93
27323.83
16834.18
9051.55
14423.26
31765.01
22755.76
33118.51
6264.45
1975
3960.29
2191.02
1872.14
7107.94
1368.1
2705.34
7786.85
6953.64
7567.02
8769.99
5296.92
7906.57
1513.4
48.51
8032.69
727.6
5976.01
3531.28
8800.71
26804.99
27548.72
20514.34
5825.83
22311.67
27145.87
4183.44
9606.41
4865.18
77763.07
15120.6
79231.92
64629.75
25143.39
41560.04
53224.5
34129.35
84243.32
82083.24
4477.9
10048.99
5455.47
4383.29
662.22
10091.04
4414.83
4887.85
3784.14
5791.83
27642.84
42542.89
9231
27090.99
30101.1
20318.24
15752.91
953.2
33663.06
23980.54
3949.19
3857.22
243.44
3976.24
2786.07
4701.16
1146.89
838.53
3018.7
4452.3
8476.9
7372.17
6300.25
1695.38
579.71
3281.38
10314.47
9964.46
8487.84
2931.37
20261.77
17954.62
5939.19
4203.12
10987.5
6898.59
14322.58
11695.63
8337.71
4522.92
28256.42
54012.95
52119.09
24392.95
29771.51
66285.18
25756.53
39846.86
37574.23
55452.29
48564.13
7210.13
36348.61
14896.97
35871.91
8103.95
44512.15
17578.43
22166.69
655.47
5155.6
925.9
8375.23
18896.87
16077.07
19486.08
19486.08
19486.08
11763.2
5534.38
47760.41
37948.41
25212.3
10526.78
40742.55
35804.06
31905.25
28331.35
15595.24
9292.16
8329.27
9082.26
4981.34
9742.58
6637.93
4297.85
7136.06
9626.73
1714.51
7356.17
2027.29
4900.25
6892.79
4668.56
8074.41
6047.12
4483.21
5143.52
9441.38
868.84
2964.6
3976.24
2715.74
86.56
2942.96
3592.14
3072.79
2423.61
2818.53
4636.24
2488.86
4800.99
250.36
7356.12
2267.95
5728.79
3725.92
4786.27
1200.25
898.35
64284.13
6307.45
13306.12
5616.22
32746.89
77503.86
80959.99
37931.1
85539.37
51150.82
507.39
2321.94
1218.3
2542.67
2663.07
2637.27
1043.44
2041.02
2800.67
1533.63
4506.3
6778.71
8781.51
8974.09
7317.92
5401.78
6769.08
3052.35
587.36
1088.06
43881.16
14471.45
17389.08
2334.1
57243.9
54209.57
46915.49
4259.74
56135.2
26083.61
2217.46
9025.22
4491.42
11892.38
13205.91
8361.39
7810.55
5889.69
4533.79
2372.83
2644.88
526.45
3398.75
2489.05
2893.36
3546.16
4148.41
4161.05
1204.51
4072.61
10495.22
9271.18
824.1
9646.87
290.86
11961.64
7671.45
4120.52
4932.51
3878.14
1883.59
5951.87
6477.03
4509.42
4131.3
2044.64
6554.06
1288.4
3627.14
3704.16
27962.32
11453.8
591.51
25381.19
47159.53
44578.39
31887.8
29145.34
20756.65
21670.8
28151.58
7809.98
14491.53
24409.91
10749.87
11046.82
14758.79
18411.37
15085.45
27676.45
297.46
7882.67
4521.38
6732.5
3728.16
8140.47
6474.7
9598.02
3311.71
9865.73
19389.41
19628.78
5095.28
2462.15
3351.26
7454.83
25031.83
12755.29
11250.64
28041.12
40586.31
41790.36
16003.75
43947.6
6471.74
29198.07
45653.33
26689.64
36723.34
39181.6
26015.95
29421.67
4162.55
23272.45
40206.47
18778.79
17832.75
20670.85
45267.75
12582.26
6315.66
6160.26
288.59
5938.27
8380.18
2908.09
6559.85
7425.62
10189.41
2231.01
884.64
2810.26
3090.05
1423.65
2760.88
1830.99
1435.99
1851.56
1263.18
3262.86
15987.28
6758.03
5018.09
18307.2
3126.85
1512.99
10616.16
23804.4
6606.73
16693.34
14688.52
24232.95
30182.73
17663.41
650.76
6538.56
2974.89
29500.99
26959.94
16021.02
13104.49
12028.51
14116.23
8688.15
15433.1
1429.29
1284.75
15031.62
10342.27
8479.38
42495.41
18886.85
34070.39
27959.94
6388.2
69251.78
77306.46
90823.52
59808.35
46939.37
52924.73
32768.29
37047.31
10247.13
13062.27
9965.61
18185.84
29390.12
19649.71
40538.09
11558.69
9854.32
23768.13
6693.5
9048.62
13634.91
26154.24
9141.59
19553.7
19243.82
5137.05
5170.55
4556.34
8699.48
4623.35
8263.95
2803.04
1775.63
5137.05
4891.37
66137.28
59570.45
37256.66
35380.43
33102.14
48983.13
64127.02
66539.33
47508.95
24860.11
5967.37
11480.31
3001.62
4293.16
394.64
693.6
5859.74
10726.91
1578.54
8227.56
48459.33
51323.36
43475.93
32535.34
54015.54
29270.35
50292.31
6644.54
47829.25
3837.8
1533.71
16800.3
4583.5
15689.68
14596.69
1234.02
12534.12
17241.02
8056.39
6963.4
14713.53
6531.55
13080.65
16416.65
4775.75
17259.43
17031.18
11781.36
16276.19
16890.72
53346.52
6133.25
45552.18
38716.16
19166.41
16930.33
57179.8
26832.98
32582.9
61204.75
903.02
10140.8
9538.79
7628.95
6341.89
3165.76
2843.99
8812.22
757.71
8874.5
6497.13
8159.7
5895.55
8837.85
514.08
9680.07
1925.08
5534.6
7908.13
765.66
1990.7
7044.03
6879.96
2636.04
875.03
623.46
5556.47
9297.25
9778.52
9275.37
24225.64
16187.9
1995.38
9499.15
6267.19
26249.13
15794.44
5143.03
27513.81
6801.17
74163.65
32877.45
13181.28
7651.2
42422.51
19090.13
32498.68
73860.63
28635.2
56815.87
331.05
2811.54
33.58
734.07
4481.2
2739.58
3353.7
1693.64
2187.82
427.01
46661.63
80269.11
33514.9
38792.11
54345.98
46939.37
68881.45
65826.22
81472.68
26663.79
6944.82
12258.11
9096.12
8648.54
4288.17
7421.28
7219.15
8489.72
7507.91
8908.43
1877.16
818.44
657.01
37.54
3626.68
2582.97
3172.4
187.72
2399.01
3273.77
34263.04
55297.56
31224.05
34680.15
40162.24
47193.61
51781.88
22107.11
31283.64
655.47
1721.7
12140.97
5892.38
10523.17
4215.2
12348.76
10998.12
9424.84
13892.36
13076.03
2820.22
1082.43
434.45
1016.16
5198.62
647.99
1030.89
1951.32
1951.32
184.09
6074.85
4607.27
3476.5
10850.53
2586.32
6519.94
8853.65
4330.59
9262.65
1142.79
7665.18
13125.3
42893.49
50558.67
26933.12
39060.9
40530.94
31448.23
210
4725.11
8346.13
8398.68
2501.74
5529.05
10101.55
6401.5
3395.21
546.6
6212.29
4015.39
446.76
2680.59
2365.22
2507.89
2455.33
3405.17
1835.86
1963.51
352.91
931.07
11757.99
28515.44
70455.35
83694.66
78787.79
53512.74
82491.09
19720.09
13424.48
15553.88
8074.04
7174.68
7912.36
3142.71
1677.46
6245.01
4951.54
2435.35
7548.57
8276.15
13804.3
21495.26
31059.67
22645.62
26721.18
6277.67
3878.35
17912.72
7526.63
25537.95
25101.76
23274.1
1028.06
21846.24
25016.08
6282.58
6825.16
21760.57
24673.4
3626.76
3540.82
2269.39
4212.52
143.94
3070.63
3228.96
3003.46
3598.39
3276.94
3977.42
32513.15
14064.68
31271.08
34485.86
22722.67
34960.77
31526.8
17827.44
30357.78
5845.06
2698.27
2328.74
5061.87
6533.02
3388.52
6191.38
3423.39
5068.84
3304.86
6184.41
14078.69
20989.52
5854.22
2912.83
12679.39
1542.09
14649.83
16534.6
26529.61
10623.27
23799.88
6821.31
1170.08
15957.87
21160.98
15161.22
10406.23
10007.9
17551.17
24198.21
43144.57
55056.34
24507.48
21657.77
50097.85
7124.27
27471.18
42175.67
40351.85
46450.23
733.73
8646.15
8467.68
8199.96
6494.53
4908.08
4848.59
2468.91
1933.49
2389.59
31160.61
27208.25
49433.1
30645.09
2119.38
48230.21
31618.86
12429.88
8763.92
18387.05
374.42
3493.44
1773.21
3267.38
452.13
2681.02
2748.13
3309.77
1900.38
1204.51
20519.77
13274
27854.62
9027.51
2197.49
8938.42
22271.82
8789.94
17579.89
29606.67
4722.8
2245.09
1720.33
1974.59
43.28
4809.35
1325.41
5177.22
37.87
3548.86
13211.57
1876.85
33893.76
2907.28
1435.24
15898.05
34887.38
3532.9
2686.48
2944.08
46001.85
6481.36
9906.47
42471.35
52325.13
39257.02
9906.47
24397.32
24397.32
19549.47
743.09
15176.15
1886.3
3858.34
4772.91
22807.1
19120.24
2029.2
15976.4
17319.68
42949.34
46925.1
9519.41
21950.64
28726.22
21390.68
13215.18
50004.91
447.97
16071.01
27179.53
30284.72
27581.38
31819.05
16220.04
7927.36
27690.98
35801
8950.25
34230.14
11776.08
11652.68
7739.07
5711.75
17064.73
1780.51
14244.12
11899.48
1903.92
11511.64
4181.12
6291.88
4736.58
4655.79
9574.16
1090.73
9836.74
8675.32
1373.51
8806.61
21686.21
20047.14
14474.28
1210.39
20954.93
17046.37
5270.25
10893.54
16869.85
1941.67
21289.05
11806.59
8087.98
61.98
10814.96
5856.81
20173.47
19150.85
25782.38
7592.17
2790.15
1964.9
1744.83
1744.83
7631.66
2302.86
3206.71
1084.62
6963.6
4110.57
1636.07
1751.22
2753.97
1530.52
978.76
4318.07
2744.37
1616.88
4769.07
1247.44
19306.49
16126.01
13989.13
21741.54
24325.68
22362.73
9690.51
6584.58
21915.47
20449.47
32589.07
28515.44
46939.37
82491.09
30644.84
26478.62
69714.69
36755.29
925.83
73140.25
1309.31
4327.68
5723.89
706.8
2578.07
3024.16
3748.34
4536.24
3846.82
3192.17
888.16
275.89
534.07
1462.06
283.27
30.98
563.58
289.17
330.48
864.55
3268.74
2211.84
43.58
3268.74
294.19
2102.89
10634.29
599.27
10013.23
3018.13
7027.7
15096.54
21314.46
16166.6
7866.4
26375.56
7519.35
26549.08
19058.66
10758.45
706.8
5706.51
5764.44
2885.12
4860.67
4449.34
4970.75
556.17
590.93
1112.33
2079.92
30938.74
4234.11
25850.38
5645.48
35209.99
11179.54
6796.87
29453.09
3305.58
1422.23
759.8
684.56
118.03
792.26
84.09
501.62
895.53
835.04
151.96
1848.24
154.63
692.17
4322.37
4167.73
5839.25
4499.09
3217.84
6096.97
1156.07
34924.24
29992.47
14904.9
18850.32
15197.16
17425.59
6539.16
11726.65
13224.45
28312.01
10924.2
3927.15
6336.73
10715.68
4807.57
3023.56
8503.03
5305.71
7877.47
57.92
3507.04
11638.4
29328.76
18404.18
20142.18
23711.29
28677.01
15145.43
11359.07
19180.08
23354.38
24694.09
27518.34
28242.51
253.46
13650.54
14628.17
12166
15931.67
21254.3
5327.73
13167.72
10049.05
13283.23
5313.29
10005.74
8850.67
8908.43
6352.85
9514.83
23116.66
2001.27
20257.7
12375.17
37043.83
25812.24
33041.3
36635.41
29610.56
3920.85
283.91
1761.04
3304.01
1279.64
2604.53
3304.01
3530.31
2374.11
1423.65
2649.79
3479.14
8572.06
5431.28
3140.77
8146.92
2169.04
4659.1
451.16
5231.73
824.24
31796.45
71628.42
15034.19
81737.62
20391.2
64024.92
34474.96
10282.01
12787.7
3801.75
38595.83
29488.03
33327.19
15520.02
898.53
11925.91
28548.66
13763.8
21891.39
32428.66
2772.2
3315.32
7603.75
5476.51
2138.55
11168.01
4967.33
2025.4
10658.83
11303.79
54839.03
30459.87
35583.43
43972.57
16834.57
46956.62
12499.24
11992.52
36427.98
38567.49
3673.29
3078.2
384.1
1260.49
281.31
3662.47
2607.55
627.54
3624.6
3413.61
5091.8
5272.84
7852.68
10002.55
6506.18
7083.25
2387.49
9606.52
3428.48
531.81
51587.41
51798.19
26294.3
33566.07
22131.47
2950.86
39309.71
52483.21
42892.91
51534.72
8897.06
4573.7
1762.08
6046.92
8280.81
6653.53
4679.62
5421.04
4082.63
7183.12
18024.64
24953.03
25304.86
9770.11
5358.68
7334.35
7577.93
11745.79
4546.76
15859.52
9844.14
8542.9
1312.55
531.81
7581.12
6936.16
4956.01
4345
5668.87
1210.72
7836.72
8578.83
8667.88
5090.9
1217.07
12704.98
4081.62
3814.46
10345.06
12957.3
6068.17
1140.26
1437.72
6544.11
1636.03
7843.01
4858.5
5532.74
4402.4
3718.24
3321.63
546.6
3763.12
9155.51
7736.46
9607.51
6464.57
2049.74
9271.14
409.95
3175.23
3320.66
1151.32
2775.29
5671.78
6132.31
1139.2
8568.27
10434.62
7126.08
36196.42
35050.54
54530.55
40240.72
49677.4
58372.63
11728.45
1887.34
56754.91
21704.37
5931.49
5261.81
7234.99
11659.69
7199.11
3491.93
2104.72
8048.18
2977.71
5931.49
351.64
1411.97
3548.86
4490.17
16.23
2174.76
3359.52
4576.73
2493.94
4306.24
422.41
23331.78
21070.66
6087.63
6683.97
9690.51
1292.07
7156.07
12274.65
3578.04
4221.53
58096.27
37591.7
52065.52
3015.38
60441.56
42349.3
29617.71
9314.17
28545.57
3141.22
188.79
3371.96
3156.95
3330.01
3891.13
660.76
3733.8
3445.38
2081.91
2992.64
5626.88
5417.81
3733.33
3566.08
949.76
710.83
191.15
4778.66
125.44
1524.25
3562.85
2109.93
2275.12
3574.11
424.24
3506.54
3746.81
1054.96
123.89
3058.23
15697.13
19350.78
7334.35
6928.39
8660.49
20920.49
18944.82
26739.25
20352.14
2465.27
2250.28
2230.21
920.18
1052.04
2382.14
257.99
653.58
1439.03
65.93
5748.29
19589.14
578.04
31888.56
24181.35
2922.31
10725.86
6647.46
289.02
10083.59
30785.5
1521.88
6957.17
5043.95
43.48
31611.66
13609.97
8957.36
12522.91
26263.33
13943.12
5514.23
25759.33
25129.13
23908.12
5041.58
4726.48
9846.84
34345.77
17881.86
3259.28
1018.53
6499.16
9273.43
1193.13
8642.91
6091.75
4888.92
3016.77
970.02
117.35
7243.49
9899.79
4704.53
10.67
2976.34
4693.87
5888.67
64.01
2666.97
4050.35
387.91
1647.34
2685.12
3390.4
4146.07
3173.78
1828.7
4125.92
1425.68
1229.8
2576.72
4491.24
4018.24
3536.24
3770.48
225.24
3256.94
2193.82
743.29
5385.05
5637.16
1996.7
8107.83
1714.34
342.87
8501.12
2702.61
8168.33
5879.18
1136.39
607.58
2210.9
832.6
149.08
171.58
2382.48
2705.96
1108.26
2610.32
18560.18
26791.67
48130.63
23016.72
33712.41
2516.63
12111.3
23645.88
50070.54
38640.82
19834.03
19499.48
2724.19
46932.58
8889.47
11565.87
19356.11
34267.48
13143.04
23418.5
53658.07
44548.83
44548.83
17287.61
29056.48
61437.5
33311.89
7579.95
13165.18
7247.5
37144.14
6451.6
33586.27
24573.01
39278.86
41366.15
36242.82
38709.6
12476.26
11337.74
6665.27
7269.79
3937.16
11718.47
4216.17
13082.53
4154.17
9780.89
6820.28
8587.35
60.86
2240.57
2179.7
3130.7
1331.41
1430.31
2601.95
1110.77
2404.14
349.97
4444.78
24699.84
3549.86
18405.56
14259.09
25475.44
27951.39
8352.6
13185.18
9873.97
949.77
3459.09
1411.72
1393.24
3311.26
2535.18
480.43
3329.74
469.34
3533
42547.66
61595.93
38031.07
8378.62
29979.74
39536.6
32728.97
21732.04
52431.81
11913.35
15355.53
8751.3
7745.71
10001.48
18182.04
26851.8
23209.96
23998.12
24025.3
13724.86
24356.09
19539.91
8875.52
9907.56
3440.13
19815.12
14620.53
13622.9
16959.82
26729.78
7960.6
7446.75
4910.13
5578.95
2789.47
4233.15
1786.24
154.97
5758.39
2039.09
207.27
777.25
807.48
528.24
1260.88
171.28
221.66
767.18
793.09
1030.58
1481.15
4494.74
4866.63
5142.34
2686.58
4302.38
83.35
1647.86
1154.14
4661.45
1291.35
77.38
4763.99
546.53
1392.92
145.1
1054.36
1450.96
2935.78
3400.08
10584.67
3288.57
9719.26
9452.98
2250.08
12515.21
13127.66
492.62
8015.06
1184.95
9366.4
4245.82
1216.14
10550.53
10646.54
4971.23
5312.6
4651.19
1344.15
6976.79
17583.09
20331.55
3805.56
23080.01
22093.39
28259.8
12262.36
1057.1
9690.08
13354.69
14652.09
24262.61
20363.26
10949.68
22175.08
15282.29
32179.46
275.71
14415.77
38126.95
36700.92
30094.75
7916.91
10748.13
38221.38
7182.89
32401.67
29151.01
38902.97
21391.39
2952.6
4290.24
285.47
7308.09
1174.52
1321.33
750.38
8074.79
2740.54
3556.17
34478.25
22456.23
6079.06
35612.4
19734.26
14381.06
1996.11
16513.27
17148.39
25586.49
10796.55
34736.73
40213.24
3181.59
18150.72
5320.04
49966.65
39170.1
9753.41
32598.28
18118.18
38638.99
9137.86
7483.6
27177.27
1654.27
23159.76
15833.71
27492.37
38717.76
514.45
3025.7
1775.79
1505.23
1108.92
503.01
1878.68
3734.5
3745.93
472.53
9831.11
11390.64
8424.49
14142.74
9510.04
5672.38
10427.4
6880.25
11100.14
13729.92
3233.13
5156.04
3836.4
7220.34
7003.54
6720.76
1988.89
2252.82
5655.62
857.77
27543.66
58049.28
23560.28
35459.13
23706.01
31755.83
35704.75
16479.7
30361.18
11480.24
20014.09
30459.67
32012.83
23053.07
7432.42
83416.91
39979.6
82861.42
31187
58789.95
7671.43
4809.79
6357.13
7065.55
8249.35
7969.71
7233.33
7764.64
2293.04
876.2
27466.74
38899.36
36100.5
15275.11
15749.5
34535.04
30123.28
4079.69
22248.53
6546.48
27087.23
25189.71
45208.64
24525.57
3273.24
21869.03
42125.16
24430.69
40275.07
38709.6
3333.1
8011.67
7201.33
10473.27
4342.2
76.45
14173.32
10565.01
9280.69
6146.36
7691.54
5568.63
9622.43
5493.96
8427.62
4768.54
6987.46
7851.56
3936.45
1130.8
252.21
1840.27
1291.52
1305.38
1277.66
1382.98
160.75
1452.26
1297.06
2588.58
430.61
2118.75
1813.9
167.67
3513.47
2621.77
556.36
495.39
19.05
1749.12
15222.24
24454.24
2537.04
23749.51
15010.82
26533.2
35025.24
5778.81
1902.78
2889.41
8157.58
4699.71
9849.04
3736.21
9720.58
7707.95
10298.67
3136.71
8692.85
4528.42
21829.02
22961.08
11025.25
22247.39
11542.06
17350.01
959.79
19343.42
20352.42
4626.67
161.66
3282.48
6290.83
1447.94
2361.7
4217.32
5953.44
4252.46
716.94
4322.75
20006.62
20905.79
16570.49
30860.93
10244.16
14322.55
27874.39
5908.86
3757.26
3468.24
8220.37
46502.45
29344.81
14146.69
39668.07
40576.13
21124.44
38616.63
41723.16
33598.38
5458.33
14677.87
6268.67
5550.07
7415.38
4204.6
5106.68
14173.32
5840.57
10243.93
64807.33
32474.57
44032.11
33750.86
62609.27
42684.91
9430.39
38359.7
62042.02
4892.46
12162.12
19552.5
25371.7
6750.27
23887.81
19930.75
18184.99
2327.68
21094.59
26681.02
33157.7
5320.74
34637.64
14059.43
13037.56
30127.34
9936.74
27590.3
22128.62
25370.4
17414.95
8345.46
15280.95
8135.87
8707.47
16671.86
18501
4553.8
16500.38
1619.55
609.19
3840.97
5183.24
5947.31
10221.93
3562.19
7361.86
4274.63
1032.52
247.8
5570.07
49309.76
50482.41
52651.8
16475.68
12664.58
10612.45
27498.55
5101.01
11902.36
67623.55
12793.65
44560.18
32375.76
57701.95
71104.82
60225.87
80765.33
80852.36
48302.54
14495.35
11588.92
2170.62
19057.34
9050.4
13134.11
32154.66
1545.19
3458.28
26636.13
5616.03
15026.11
4887.24
14554.53
7245.11
15969.26
16483.7
9410.07
11896.56
3322.46
2692.44
13627.4
9481.37
12834.54
9365.74
13643.92
11645.23
7449.65
14635
7433.13
5994.75
7847.49
4753.12
1649.04
6712.57
3831.59
2211.65
989.42
4966.52
38.8
3704.79
106.4
2418.27
4280.33
2132.91
212.81
3032.51
1615.4
3796.68
415.94
3797.24
11049.79
8116.38
16628.68
3347.33
12111.58
3149.37
14955.01
13695.27
6406.72
13588.63
26862.17
1811.82
37851.24
22529.56
30407.03
10595.2
8507.67
38363.28
23317.31
6721.42
5933.45
1032.25
7060.25
977.09
6863.26
3664.08
6232.88
4893.32
3861.08
13761.43
4844.37
6323.4
13311.29
3986.96
10481.84
20513.53
15497.68
15883.52
7909.61
5745.97
26677.7
51361.89
54058.98
8618.95
30664.69
2286.66
55407.52
34827.59
52651.8
2649.7
599.14
1890.23
1217.96
393.8
300.97
978.87
900.11
2705.96
1586.45
8027.3
727.08
98.25
3016.38
8783.85
5629.92
7084.07
3831.88
6789.31
7162.67
1985.87
1102.64
1189.83
686.34
1890.23
1068.88
981.68
1457.06
1361.42
2720.02
8218.16
38220.98
1956.71
42308.32
13131.67
695.72
4478.68
3609.03
6000.56
13783.9
20984.77
32577.99
825.63
16856.62
8944.33
12934.87
24459.29
26179.36
22188.81
13313.29
4485.31
55.83
10571.18
13400.09
11650.63
874.73
16731.5
18369.29
9491.73
11557.58
39251.73
41816.48
21298.53
45886.62
48785.89
28658.23
20462.2
50793.08
10370.49
15611.49
14426.71
9860.31
3730.51
10789.07
4814.06
1888.47
7956.36
8529.09
2987.5
5015.29
3252.29
3623.73
1594.44
2744.97
1132.41
652.27
5236.28
3361
2672.5
6096.92
2180.41
14.78
2771.7
1685.2
3636.47
2106.49
864.77
343.69
2394.75
3111.7
346.17
3393.18
2134.05
2130.25
3301.89
1768.87
3731.74
2875.84
3663.27
3328.51
6816.77
4491.18
6582.08
9398.4
4907.22
9729.1
3861.77
469.39
3787.1
7222.15
6989.88
2316.65
2143.56
8001.75
8933.73
3408.4
6710.28
3901.02
1158.32
10478.16
7206.2
3486.87
15156.27
2262.59
4850.62
1549.72
6772.28
15311.24
1208.78
2092.12
844.33
4633.75
4955.39
2447.54
4714.16
3136.07
2035.43
3442.64
3221.51
3166.23
2253.23
293.78
1502.15
1255.49
1507.69
1225
917.37
1385.75
521.04
1094.74
2658.14
9086.7
6928.14
3921.23
9133.83
8624.82
4835.56
6381.43
5778.16
4345.4
2980.67
1601.28
1538.31
1343.4
1358.39
2428.91
737.67
1193.47
770.66
875.61
2423.54
904.17
1071.95
4474.22
7885.82
438.1
6487.63
6040.2
2348.97
6040.2
8568.27
17304.19
21.16
4542.1
1639.61
17243.9
1279.95
12721.9
10377.12
2210.76
6029.52
9104.3
8451.91
7958.72
1734.81
17665.95
2422.39
17324.29
3945.63
14611.09
6011.83
14953.67
2186.12
9685.73
5951.11
12114.75
9974.17
8896.3
242.9
3658.72
10213.13
22050.51
2928.58
13830.79
17694.55
9524.05
16931.64
6595.46
2731.7
2559.43
9868.87
7081.48
13145.93
1431.36
12693.93
94.17
13635.61
1902.21
13955.78
11413.23
2189.69
1801.8
3128.12
4354.35
3165.66
5055.05
2815.31
150.15
1038.54
900.9
9959.95
4416.91
3841.34
10548.03
7019.51
9096.58
4491.99
11711.69
50.05
12349.83
3454.62
354.82
1380.29
1481.66
206.65
2998.42
3536.5
2507.13
2659.2
1029.37
61074.96
51133.97
32308.22
23361.33
25038.87
43305.44
38397.08
4784.1
39826.09
38645.6
49493.81
31038.49
49860.82
36124.19
19189.34
43674.09
25271.2
23278.87
43411.94
1677.76
2984.54
2387.63
2840.98
4624.14
2387.63
1684.94
6278.86
3377.44
1836.06
5893.52
9681.06
5571.83
11491.91
10001.44
598.97
12564.49
947.21
2465.54
5989.72
3078.44
19930.75
28426.78
18999.68
18941.49
17428.5
16701.1
11434.72
26564.64
15013.53
6313.83
25728.04
48890.22
36823.69
1803.04
23786.3
61511.52
63383.91
52218.91
50901.3
21844.56
21470.57
16768.79
21687.99
26770.27
15110.93
8207.74
7120.62
12909.52
22612.04
11441.91
11045.31
11946.17
1919.22
10444.74
8629.97
10614.47
10157.51
9609.16
600.57
9752.78
40047.23
13740.42
11218.44
32046.48
31742.11
42569.21
6087.53
16305.88
26654.67
16305.88
28420.31
7129.16
8253.13
29062.58
25016.3
25530.11
2215.82
6711.69
24245.58
4720.66
26256.22
3687.22
32901.31
2714.76
13128.11
14667.83
36629.05
12885
25607.92
5753.68
57406.62
32598.06
6153.05
36721.91
48831.63
9753.23
7854.95
45427.81
39209.31
3076.52
13209.33
18971.18
11033.32
23874.87
3861.66
30617.45
7692.67
7386.19
18051.73
11584.98
3320.68
41840.53
30787.42
18311.16
34440.16
33443.96
3036.05
26802.61
10910.8
14658.42
33564.69
52409.99
26985.57
54472.93
51071.86
29606.07
669.06
43043.1
34847.07
23696
10949.68
34779.03
1693.66
26665.23
4017.51
15951.88
24617.09
30879.68
6420.14
36787.78
169.06
252.21
1119.68
41.57
1729.41
770.48
1155.71
2674.49
216.18
274.38
10581.43
3339.91
13056
5996.65
14786.67
9063.29
11188.69
5510.84
7803.24
8896.3
1532.82
3146.32
5536.31
6030.45
2400.08
1310.97
9509.55
7290.99
9459.13
7069.14
5384.89
10934.96
8110.37
7581.79
214.73
9068.42
148.66
8655.47
3154.95
1172.78
1430.2
251.3
2845.62
909.12
2531.49
2487.14
1751.72
3680.82
3581.04
2631.27
2702.86
106.41
361.8
1245.02
4288.39
4825.77
4144.73
26.6
590.58
2048.42
46092.77
13266.33
2406.45
18757.97
40909.65
27458.21
39181.94
41650.09
8330.02
59235.69
4509.31
5359.19
1215.12
2423.23
5640.15
3806.92
4418
6117.77
3568.11
407.38
11951.44
3332.61
21681.15
8005.94
29150.8
17161.05
9270.03
20608.58
17505.8
13292.15
255.31
3384.29
4743.94
142.5
3200.23
944.04
5349.55
243.43
3152.73
2808.37
20231.21
11321.7
20386.84
31047.13
894.84
25016.68
34587.6
20970.43
35365.72
28596.04
16993.95
16803.72
24476.36
21622.9
54596.23
23017.92
52376.87
37158.41
53645.07
17564.64
47595.86
2678.56
32657.77
44453.71
4893.51
13135.22
25858.36
45689.97
49501.76
32966.83
24957.08
8319.03
31576.91
29134.3
16850.46
7221.62
8000.43
2265.61
4248.01
12036.04
5136.38
3068.04
2091.32
4676.75
4337.77
683.7
442.4
3705.78
2143.03
3947.08
12494.45
2091.12
8220.72
1097.84
12821.19
10115.8
7645.66
12402.97
8299.14
535.85
8335.22
25614.27
6615.26
8758.6
8970.29
21274.66
12701.29
12807.14
12251.45
13468.66
66921.16
48552.33
26130.3
20179.83
70629.42
40790.86
42601.87
63730.33
46223.89
41653.24
6441.6
10805.26
41489.44
41766.5
58944.1
38995.92
4779.25
3186.17
65039.37
44121.49
1262.81
6982.57
28635.98
27633.16
3379.86
12776.62
7316.84
21876.25
4271.25
36472.8
3917.77
7707.67
5150.07
7138.02
10160.64
10625.65
8858.59
5882.47
1511.31
534.77
30980.77
31651.35
28611.39
17792.71
33126.63
44.71
42827.68
24409.09
36121.88
38223.03
15440.27
12588.11
15054.26
5790.1
16748.41
18699.88
9907.51
9114.05
5103.87
13853.35
6600.91
27119.4
10219.48
20399.2
11611.24
15905.81
28829.28
34634.89
7117.85
24773.29
4825.3
5996.14
650.47
6161.72
11057.98
4446.84
2034.19
4576.94
6528.35
10525.78
35624.5
18310.23
12755.87
37731.32
14096.58
23673.05
6167.25
9384.95
7929.32
25166.98
1672.45
691.69
604.97
1577.47
1521.72
885.78
264.29
1009.66
1804.59
1880.99
4239.33
5125.64
3833.55
8724.27
7432.18
7528.28
9995
1185.3
10635.7
9055.3
22392.18
321.53
18809.43
14147.26
21014.2
15961.6
12516.65
11919.53
21014.2
1561.71
14267.31
19974.23
41343.48
33036.74
15535.51
5516.69
33417.2
36017.02
22827.69
14584.36
2261.03
11305.13
9671.44
10965.32
9645.3
6717.73
8717.36
3476.49
9070.24
12612.08
45169.38
46349.87
37775.76
